Date,Open,High,Low,Close,Vol,Val
2012/05/10,6166,6188,6118,6168,87484.00,15430.00
2012/05/11,6115,6130,6029,6034,46950.00,17898.00
2012/05/14,6070,6079,5978,5994,36858.00,21310.00
2012/05/15,5900,5929,5740,5861,64200.00,25590.00
2012/05/16,5763,5796,5658,5661,81578.00,31664.00
2012/05/17,5711,5810,5711,5794,78580.00,27696.00
2012/05/18,5854,5913,5797,5896,109458.00,30150.00
2012/05/21,5971,5995,5926,5961,66012.00,26830.00
2012/05/22,5951,5952,5908,5919,42728.00,28110.00
2012/05/23,5831,5840,5783,5811,40006.00,26320.00
2012/05/24,5820,5867,5795,5863,42678.00,25002.00
2012/05/25,5876,5938,5833,5930,49702.00,23278.00
2012/05/28,5970,6022,5944,6018,45174.00,23928.00
2012/05/29,5956,6015,5951,6000,41038.00,24810.00
2012/05/30,5861,5885,5820,5840,44970.00,24158.00
2012/05/31,5876,5912,5863,5880,43730.00,24038.00
2012/06/01,5840,5880,5804,5868,40768.00,24594.00
2012/06/04,5952,6028,5936,5981,62680.00,21270.00
2012/06/05,5990,6021,5960,5969,45836.00,21362.00
2012/06/06,6032,6136,6030,6135,54192.00,25256.00
2012/06/07,6168,6195,6143,6171,45304.00,23106.00
2012/06/08,6050,6060,5950,5982,55574.00,23686.00
2012/06/11,6099,6150,6080,6112,34572.00,22530.00
2012/06/12,6034,6087,6029,6040,28976.00,23490.00
2012/06/13,6096,6131,6089,6129,23618.00,23898.00
2012/06/14,6110,6175,6110,6128,23642.00,24020.00
2012/06/15,6104,6135,6084,6122,31500.00,20836.00
2012/06/18,6137,6144,6050,6055,35028.00,23682.00
2012/06/19,6113,6124,6092,6102,24832.00,22552.00
2012/06/20,6045,6074,6036,6058,27156.00,23974.00
2012/06/21,5946,5974,5936,5952,27052.00,23512.00
2012/06/25,5750,5791,5736,5752,34760.00,27126.00
2012/06/26,5860,5869,5821,5828,26408.00,26522.00
2012/06/27,5802,5811,5763,5783,25104.00,28662.00
2012/06/28,5820,5820,5776,5784,20482.00,30072.00
2012/06/29,5703,5815,5680,5808,55532.00,31862.00
2012/07/02,5890,5890,5833,5845,33844.00,30066.00
2012/07/03,5863,5965,5860,5965,42430.00,28004.00
2012/07/04,6000,6026,5982,5998,34552.00,27522.00
2012/07/05,6015,6044,5993,6041,28236.00,28210.00
2012/07/06,5980,5995,5913,5919,37600.00,30970.00
2012/07/09,5847,5878,5826,5848,40528.00,32554.00
2012/07/10,5852,5876,5833,5835,27276.00,35256.00
2012/07/11,5797,5826,5796,5822,26732.00,36180.00
2012/07/12,5822,5825,5771,5784,29348.00,38600.00
2012/07/13,5817,5875,5808,5871,37832.00,36576.00
2012/07/16,5858,5878,5836,5877,33634.00,36890.00
2012/07/17,5897,5920,5852,5871,52052.00,38004.00
2012/07/18,5884,5884,5812,5847,47218.00,42274.00
2012/07/19,5858,5866,5831,5865,35042.00,40438.00
2012/07/20,5842,5850,5814,5832,37830.00,43620.00
2012/07/23,5845,5845,5777,5790,76106.00,54036.00
2012/07/24,5796,5822,5792,5794,63916.00,53654.00
2012/07/25,5784,5817,5740,5740,81420.00,64072.00
2012/07/26,5840,5886,5820,5872,100676.00,55172.00
2012/07/27,5862,5932,5862,5927,83740.00,57758.00
2012/07/30,5923,5925,5887,5893,66076.00,53020.00
2012/07/31,5978,6044,5972,6024,124084.00,61994.00
2012/08/01,5965,5992,5949,5990,76542.00,60402.00
2012/08/02,5880,5910,5880,5896,67152.00,60746.00
2012/08/03,5866,5868,5842,5862,54240.00,62202.00
2012/08/06,5970,5972,5941,5952,48632.00,58854.00
2012/08/07,5966,5974,5956,5966,38914.00,58194.00
2012/08/08,5999,5999,5953,5955,56720.00,60102.00
2012/08/09,5988,6022,5980,6020,70034.00,69126.00
2012/08/10,6005,6006,5961,5976,56594.00,65498.00
2012/08/13,6004,6024,5986,5995,78452.00,68494.00
2012/08/14,5974,5980,5944,5976,62094.00,63982.00
2012/08/15,5961,5969,5950,5953,42428.00,62360.00
2012/08/16,5969,5978,5945,5952,40694.00,64478.00
2012/08/17,6016,6037,6003,6031,58038.00,70790.00
2012/08/20,6000,6034,5996,6019,53440.00,71480.00
2012/08/21,6100,6158,6094,6148,119104.00,91262.00
2012/08/22,6208,6266,6202,6260,112388.00,102880.00
2012/08/23,6337,6565,6333,6526,418584.00,151188.00
2012/08/24,6518,6548,6459,6487,313812.00,155740.00
2012/08/27,6588,6708,6585,6631,469970.00,161640.00
2012/08/28,6551,6575,6516,6566,226954.00,168502.00
2012/08/29,6569,6624,6560,6620,305838.00,176832.00
2012/08/30,6580,6587,6525,6573,251916.00,171226.00
2012/08/31,6500,6504,6463,6494,208992.00,156164.00
2012/09/03,6731,6849,6730,6820,309066.00,196858.00
2012/09/04,6900,6932,6837,6876,270772.00,190506.00
2012/09/05,6869,6904,6855,6879,198896.00,201866.00
2012/09/06,6900,7072,6889,7043,504852.00,261088.00
2012/09/07,6986,7006,6802,6874,566630.00,196494.00
2012/09/10,7182,7272,7175,7213,382854.00,208422.00
2012/09/11,7170,7195,7115,7188,361810.00,205490.00
2012/09/12,7200,7221,7166,7183,283694.00,212072.00
2012/09/13,7109,7123,7051,7056,261606.00,207530.00
2012/09/14,7450,7506,7356,7384,421404.00,201770.00
2012/09/17,7399,7405,7342,7352,225840.00,204484.00
2012/09/18,7275,7295,7220,7289,251114.00,197726.00
2012/09/19,7374,7438,7300,7435,388030.00,217028.00
2012/09/20,7367,7405,7283,7307,382430.00,211416.00
2012/09/21,7396,7419,7364,7409,305904.00,222722.00
2012/09/24,7254,7258,7098,7165,333096.00,190172.00
2012/09/25,7215,7220,7123,7159,223366.00,190490.00
2012/09/26,7120,7193,7118,7150,214708.00,175276.00
2012/09/27,7175,7237,7168,7234,264536.00,190514.00
2012/09/28,7370,7405,7310,7378,228456.00,194762.00
2012/10/08,7256,7264,7035,7107,325632.00,164834.00
2012/10/09,7135,7163,7098,7105,203654.00,174780.00
2012/10/10,7050,7091,7022,7078,206778.00,179800.00
2012/10/11,7058,7140,7047,7120,251396.00,178322.00
2012/10/12,7094,7143,7065,7081,226352.00,172310.00
2012/10/15,6880,6924,6865,6884,203468.00,164562.00
2012/10/16,6822,6873,6807,6868,204062.00,158638.00
2012/10/17,6900,6906,6860,6863,147290.00,153288.00
2012/10/18,6871,6915,6839,6883,182880.00,157806.00
2012/10/19,6832,6848,6758,6759,199004.00,159818.00
2012/10/22,6667,6749,6663,6746,161502.00,147380.00
2012/10/23,6747,6770,6704,6718,190198.00,146950.00
2012/10/24,6682,6739,6668,6739,211926.00,162046.00
2012/10/25,6730,6833,6713,6807,368844.00,194746.00
2012/10/26,6801,6829,6639,6680,344532.00,161058.00
2012/10/29,6768,6780,6717,6721,237754.00,153130.00
2012/10/30,6710,6724,6670,6708,195374.00,146494.00
2012/10/31,6705,6730,6682,6719,152548.00,129826.00
2012/11/01,6778,6846,6755,6834,176210.00,101262.00
2012/11/02,6794,6798,6662,6702,144240.00,86452.00
2012/11/05,6528,6556,6445,6460,122500.00,79574.00
2012/11/06,6497,6522,6481,6517,46786.00,73284.00
2012/11/07,6622,6720,6595,6693,82772.00,69754.00
2012/11/08,6605,6655,6600,6622,34898.00,65176.00
2012/11/09,6689,6749,6689,6717,45934.00,56202.00
2012/11/12,6788,6792,6710,6760,32246.00,53310.00
2012/11/13,6668,6684,6634,6673,20108.00,51136.00
2012/11/14,6745,6790,6703,6755,17094.00,49398.00
2012/11/15,6717,6748,6709,6721,10888.00,47310.00
2012/11/16,6722,6735,6650,6669,12038.00,45596.00
2012/11/19,6698,6745,6685,6726,12596.00,42832.00
2012/11/20,6819,6843,6795,6818,15968.00,40736.00
2012/11/21,6818,6818,6755,6779,12836.00,39624.00
2012/11/22,6840,6872,6818,6820,11038.00,38104.00
2012/11/23,6808,6860,6793,6856,7326.00,37818.00
2012/11/26,6936,6970,6912,6955,15452.00,36778.00
2012/11/27,6972,6993,6944,6961,8826.00,35402.00
2012/11/28,6940,6940,6868,6890,8614.00,32316.00
2012/11/29,6872,6886,6815,6815,8042.00,29152.00
2012/11/30,6915,6921,6874,6911,6634.00,28334.00
2012/12/03,6802,6802,6743,6747,2518.00,26956.00
2012/12/04,6709,6709,6632,6664,4168.00,25104.00
2012/12/05,6640,6680,6553,6672,1912.00,24240.00
2012/12/06,6671,6671,6572,6587,2512.00,23904.00
2012/12/07,6618,6695,6618,6629,712.00,23780.00
2012/12/10,6651,6698,6651,6690,1676.00,22940.00
2012/12/11,6690,6690,6609,6640,1392.00,22832.00
2012/12/12,6622,6657,6620,6646,1348.00,22924.00
2012/12/13,6620,6620,6530,6551,2224.00,22032.00
2012/12/14,6542,6557,6515,6531,820.00,21836.00
2012/12/17,6470,6517,6391,6470,492.00,21880.00
2012/12/18,7035,7038,6980,7035,122.00,116.00
2012/12/19,6907,6964,6880,6882,72.00,146.00
2012/12/20,6813,6813,6740,6808,126.00,218.00
2012/12/21,6561,6590,6522,6535,330.00,306.00
2012/12/24,6566,6605,6556,6590,634.00,752.00
2012/12/25,6576,6576,6514,6515,84.00,736.00
2012/12/26,6515,6538,6515,6528,94.00,754.00
2012/12/27,6519,6592,6517,6550,146.00,750.00
2012/12/28,6600,6639,6594,6603,76.00,774.00
2012/12/31,6606,6628,6588,6605,130.00,818.00
2013/01/04,6419,6440,6411,6430,116.00,834.00
2013/01/07,6530,6624,6530,6593,132.00,892.00
2013/01/08,6575,6612,6557,6560,78.00,930.00
2013/01/09,6607,6654,6607,6625,104.00,964.00
2013/01/10,6580,6614,6580,6614,78.00,1018.00
2013/01/11,6703,6703,6666,6666,116.00,1084.00
2013/01/14,6620,6680,6616,6680,218.00,1120.00
2013/01/15,6947,6947,6707,6746,160.00,1138.00
2013/01/16,6821,6838,6786,6803,164.00,1172.00
2013/01/17,6803,6803,6757,6766,180.00,1250.00
2013/01/18,6830,6865,6820,6859,678.00,1680.00
2013/01/21,6872,6893,6824,6840,618.00,2016.00
2013/01/22,6870,6880,6844,6867,884.00,2624.00
2013/01/23,6891,6891,6859,6862,446.00,2794.00
2013/01/24,6815,6830,6772,6793,866.00,2722.00
2013/01/25,6736,6771,6730,6760,338.00,2730.00
2013/01/28,6675,6697,6670,6686,326.00,2878.00
2013/01/29,6670,6698,6658,6692,324.00,2926.00
2013/01/30,6700,6734,6700,6733,266.00,3004.00
2013/01/31,6816,6857,6816,6856,504.00,2904.00
2013/02/01,6730,6747,6726,6741,256.00,2972.00
2013/02/04,6767,6828,6767,6790,528.00,3082.00
2013/02/05,6812,6819,6787,6811,128.00,3074.00
2013/02/06,6808,6810,6783,6794,166.00,3084.00
2013/02/07,6805,6821,6800,6807,200.00,3108.00
2013/02/08,6726,6766,6706,6754,292.00,3144.00
2013/02/18,6510,6510,6444,6462,588.00,3364.00
2013/02/19,6457,6483,6454,6471,640.00,3818.00
2013/02/20,6416,6416,6393,6403,1134.00,4298.00
2013/02/21,6210,6266,6151,6184,1522.00,4848.00
2013/02/22,6216,6253,6210,6245,1160.00,5218.00
2013/02/25,6230,6261,6194,6229,1006.00,5300.00
2013/02/26,6260,6293,6221,6232,962.00,5396.00
2013/02/27,6310,6330,6293,6305,964.00,5484.00
2013/02/28,6266,6300,6266,6287,440.00,5638.00
2013/03/01,6112,6211,6112,6182,2118.00,6450.00
2013/03/04,6222,6248,6202,6228,1468.00,6416.00
2013/03/05,6225,6288,6215,6288,746.00,6436.00
2013/03/06,6272,6290,6248,6256,1384.00,6698.00
2013/03/07,6280,6298,6256,6269,732.00,6782.00
2013/03/08,6257,6262,6220,6235,624.00,6800.00
2013/03/11,6272,6283,6249,6275,586.00,6890.00
2013/03/12,6276,6276,6233,6233,768.00,6798.00
2013/03/13,6314,6314,6260,6272,2074.00,7368.00
2013/03/14,6230,6231,6130,6200,3220.00,8562.00
2013/03/15,6201,6230,6177,6217,1724.00,8570.00
2013/03/18,6229,6229,6125,6162,3710.00,9076.00
2013/03/19,6189,6208,6168,6175,1328.00,9150.00
2013/03/20,6188,6209,6172,6199,2020.00,9126.00
2013/03/21,6160,6206,6158,6196,1932.00,9552.00
2013/03/22,6233,6259,6216,6231,2468.00,9248.00
2013/03/25,6165,6198,6159,6163,2298.00,10002.00
2013/03/26,6176,6180,6120,6155,1766.00,10380.00
2013/03/27,6165,6168,6025,6034,6048.00,11896.00
2013/03/28,6108,6151,6096,6120,6834.00,13208.00
2013/03/29,6038,6051,5982,6013,6312.00,14454.00
2013/04/01,6013,6019,5914,5915,8684.00,16032.00
2013/04/02,5961,5976,5923,5942,6442.00,16182.00
2013/04/03,5780,5800,5707,5716,15066.00,20200.00
2013/04/08,5780,5804,5752,5797,14774.00,22610.00
2013/04/09,5767,5836,5767,5835,13184.00,23808.00
2013/04/10,5923,5935,5903,5935,13746.00,25576.00
2013/04/11,5825,5859,5820,5833,13770.00,26000.00
2013/04/12,5859,5859,5836,5850,8808.00,28188.00
2013/04/15,5498,5498,5498,5498,5110.00,29450.00
2013/04/16,5003,5020,5003,5003,23130.00,35022.00
2013/04/17,5004,5048,4901,4930,91956.00,49816.00
2013/04/18,4833,4904,4691,4851,91360.00,51506.00
2013/04/19,4848,5000,4837,4939,71076.00,50930.00
2013/04/22,4900,4947,4871,4895,58616.00,59356.00
2013/04/23,4890,4910,4701,4740,102022.00,73930.00
2013/04/24,4770,4858,4728,4835,119578.00,75960.00
2013/04/25,4835,4882,4805,4833,82648.00,73034.00
2013/04/26,5179,5179,5012,5032,130476.00,72076.00
2013/05/02,4900,4903,4800,4864,115008.00,89716.00
2013/05/03,4887,4988,4860,4985,187570.00,102922.00
2013/05/06,5028,5054,4950,4968,205634.00,120924.00
2013/05/07,4932,4945,4789,4802,543370.00,202412.00
2013/05/08,4860,4904,4832,4882,456092.00,192834.00
2013/05/09,4860,4965,4858,4928,503712.00,165516.00
2013/05/10,4850,4920,4830,4919,387560.00,174654.00
2013/05/13,4890,4925,4840,4846,448140.00,191524.00
2013/05/14,4880,4898,4846,4851,359648.00,197280.00
2013/05/15,4801,4818,4693,4701,552498.00,258702.00
2013/05/16,4659,4690,4624,4656,570488.00,275932.00
2013/05/17,4671,4696,4625,4632,558146.00,285722.00
2013/05/20,4450,4535,4383,4422,842816.00,286228.00
2013/05/21,4650,4698,4581,4664,802662.00,237546.00
2013/05/22,4640,4662,4602,4650,479390.00,228884.00
2013/05/23,4558,4585,4515,4579,561584.00,235464.00
2013/05/24,4600,4636,4568,4603,464634.00,230814.00
2013/05/27,4572,4654,4560,4644,352650.00,229820.00
2013/05/28,4618,4644,4605,4611,327356.00,225094.00
2013/05/29,4603,4615,4542,4544,523550.00,248654.00
2013/05/30,4580,4646,4570,4633,479300.00,226530.00
2013/05/31,4649,4687,4641,4668,327216.00,205674.00
2013/06/03,4610,4624,4580,4601,296834.00,207604.00
2013/06/04,4656,4665,4617,4625,235944.00,210678.00
2013/06/05,4616,4644,4592,4627,277668.00,210758.00
2013/06/06,4610,4616,4570,4582,226454.00,212580.00
2013/06/07,4638,4664,4625,4633,260218.00,184518.00
2013/06/13,4463,4510,4460,4493,215416.00,190272.00
2013/06/14,4490,4494,4452,4465,210800.00,203200.00
2013/06/17,4501,4515,4491,4492,149758.00,200076.00
2013/06/18,4490,4499,4462,4473,187186.00,220982.00
2013/06/19,4460,4469,4421,4464,236998.00,227010.00
2013/06/20,4368,4376,4228,4293,298892.00,250684.00
2013/06/21,4080,4120,4080,4082,304670.00,241040.00
2013/06/24,4122,4130,3984,3998,500922.00,249028.00
2013/06/25,4020,4045,3981,4022,442052.00,239350.00
2013/06/26,4006,4011,3797,3856,1142838.00,290462.00
2013/06/27,3832,3874,3795,3838,849368.00,281474.00
2013/06/28,3769,3865,3710,3839,1111408.00,272408.00
2013/07/01,3955,4034,3926,4034,896516.00,247566.00
2013/07/02,4030,4044,3990,4038,647658.00,247418.00
2013/07/03,3998,4019,3971,4006,586626.00,241134.00
2013/07/04,4036,4040,4005,4008,342352.00,233452.00
2013/07/05,4000,4008,3892,3918,917482.00,283586.00
2013/07/08,3869,3874,3812,3826,1939664.00,295128.00
2013/07/09,3900,3985,3872,3940,1773534.00,293266.00
2013/07/10,3917,3932,3866,3904,1997926.00,298810.00
2013/07/11,3924,4140,3890,4076,2227978.00,312686.00
2013/07/12,4089,4103,4019,4031,1985888.00,309352.00
2013/07/15,4033,4110,4030,4050,1938500.00,316494.00
2013/07/16,4034,4060,4006,4044,1565754.00,301828.00
2013/07/17,4060,4077,4032,4049,1512418.00,283814.00
2013/07/18,4072,4093,3914,3939,2875250.00,344550.00
2013/07/19,3963,3992,3912,3942,3087694.00,343310.00
2013/07/22,3953,4072,3945,4052,2064822.00,328462.00
2013/07/23,4122,4134,4079,4088,1995634.00,308580.00
2013/07/24,4068,4119,4065,4100,1492750.00,316984.00
2013/07/25,4070,4086,4040,4059,1668404.00,314184.00
2013/07/26,4068,4086,4051,4056,1051696.00,298806.00
2013/07/29,4010,4030,3953,3960,1780284.00,348344.00
2013/07/30,3995,3995,3947,3951,1271962.00,361666.00
2013/07/31,3964,4009,3935,3990,1438120.00,334168.00
2013/08/01,3961,3979,3911,3941,2428990.00,355080.00
2013/08/02,3968,3969,3869,3887,1928122.00,378464.00
2013/08/05,4018,4030,3972,3991,1808828.00,341410.00
2013/08/06,3950,3964,3927,3945,1154302.00,364330.00
2013/08/07,3946,3947,3892,3918,1056722.00,370348.00
2013/08/08,3900,4005,3897,3972,1369088.00,363770.00
2013/08/09,4003,4088,3991,4046,2204684.00,374752.00
2013/08/12,4055,4279,4047,4259,3397322.00,413778.00
2013/08/13,4249,4383,4249,4355,2750170.00,466774.00
2013/08/14,4357,4378,4300,4308,4039498.00,478218.00
2013/08/15,4358,4474,4326,4431,3774164.00,474152.00
2013/08/16,4385,4648,4376,4628,4233794.00,443220.00
2013/08/19,4620,4759,4610,4650,5088030.00,464844.00
2013/08/20,4650,4671,4455,4533,5042070.00,464134.00
2013/08/21,4610,4654,4555,4597,4948762.00,469890.00
2013/08/22,4611,4625,4528,4592,4599914.00,484708.00
2013/08/23,4628,4668,4591,4645,3426000.00,470834.00
2013/08/26,4638,4913,4635,4904,5119342.00,475770.00
2013/08/27,4896,4985,4851,4914,5141320.00,500642.00
2013/08/28,4990,5103,4971,5062,4964648.00,572410.00
2013/08/29,5066,5085,4736,4848,6379402.00,446092.00
2013/08/30,4866,4866,4736,4760,5609278.00,478076.00
2013/09/02,4730,4936,4685,4903,5498110.00,495464.00
2013/09/03,4901,4919,4846,4882,3789120.00,505264.00
2013/09/04,4945,4966,4796,4847,4064880.00,560402.00
2013/09/05,4760,4790,4672,4717,3873272.00,544046.00
2013/09/06,4734,4739,4662,4719,4127394.00,554414.00
2013/09/09,4800,4840,4782,4821,3240356.00,514166.00
2013/09/10,4776,4821,4703,4738,3133352.00,544340.00
2013/09/11,4682,4714,4606,4684,3805662.00,544422.00
2013/09/12,4668,4692,4604,4606,2774396.00,555910.00
2013/09/13,4450,4489,4382,4415,3534604.00,485938.00
2013/09/16,4443,4512,4379,4414,3789360.00,533336.00
2013/09/17,4405,4478,4401,4455,3682646.00,535920.00
2013/09/18,4422,4443,4337,4419,3723242.00,472906.00
2013/09/23,4400,4426,4215,4396,1706022.00,463634.00
2013/09/24,4391,4468,4385,4392,3469360.00,488268.00
2013/09/25,4325,4437,4316,4409,3210934.00,483276.00
2013/09/26,4383,4443,4379,4398,2829900.00,443136.00
2013/09/27,4432,4433,4358,4362,2117576.00,395604.00
2013/09/30,4410,4418,4374,4400,1342150.00,314850.00
2013/10/08,4490,4545,4473,4532,863480.00,359980.00
2013/10/09,4532,4553,4506,4516,1806840.00,417220.00
2013/10/10,4438,4466,4423,4437,1773790.00,418980.00
2013/10/11,4443,4454,4364,4367,1823428.00,461552.00
2013/10/14,4305,4348,4282,4331,2306044.00,465370.00
2013/10/15,4355,4361,4260,4279,2030902.00,503742.00
2013/10/16,4247,4335,4246,4329,2678470.00,478422.00
2013/10/17,4324,4383,4280,4281,3397410.00,486870.00
2013/10/18,4410,4431,4378,4430,2315668.00,431834.00
2013/10/21,4430,4508,4413,4496,1885758.00,466234.00
2013/10/22,4497,4517,4461,4477,1854220.00,457564.00
2013/10/23,4518,4605,4513,4578,2799262.00,476372.00
2013/10/24,4585,4597,4550,4584,2160304.00,455274.00
2013/10/25,4581,4595,4494,4512,1956162.00,368684.00
2013/10/28,4508,4555,4475,4517,2382762.00,379528.00
2013/10/29,4517,4537,4497,4534,1832958.00,370668.00
2013/10/30,4520,4573,4492,4563,1973714.00,407518.00
2013/10/31,4600,4636,4457,4483,2674172.00,319214.00
2013/11/01,4395,4434,4383,4412,1662600.00,303770.00
2013/11/04,4401,4413,4366,4375,1463956.00,316190.00
2013/11/05,4400,4413,4351,4374,1247130.00,298924.00
2013/11/06,4380,4392,4361,4387,1090478.00,309362.00
2013/11/07,4420,4425,4380,4416,1097966.00,300662.00
2013/11/08,4434,4438,4310,4385,1923370.00,281928.00
2013/11/11,4387,4419,4311,4325,2084728.00,319704.00
2013/11/12,4321,4332,4263,4300,1200020.00,329096.00
2013/11/13,4300,4309,4203,4233,1642810.00,349446.00
2013/11/14,4245,4282,4205,4257,1788150.00,333870.00
2013/11/15,4243,4273,4229,4242,1593220.00,331208.00
2013/11/18,4245,4255,4224,4244,1010004.00,295596.00
2013/11/19,4220,4232,4157,4184,1248374.00,313452.00
2013/11/20,4200,4233,4184,4227,1260504.00,299168.00
2013/11/21,4202,4220,4123,4146,1534776.00,256518.00
2013/11/22,4155,4167,4133,4146,986980.00,233232.00
2013/11/25,4150,4165,4092,4098,874790.00,240300.00
2013/11/26,4117,4181,4096,4169,930452.00,166420.00
2013/11/27,4145,4158,4137,4154,559096.00,143514.00
2013/11/28,4155,4164,4120,4136,384024.00,111684.00
2013/11/29,4143,4143,4101,4102,157116.00,67874.00
2013/12/02,4143,4147,4098,4115,58210.00,44552.00
2013/12/03,4099,4099,3877,4025,25120.00,37744.00
2013/12/04,4021,4025,3980,3999,15136.00,35644.00
2013/12/05,4008,4080,3886,4048,14956.00,32552.00
2013/12/06,4027,4066,4008,4047,8184.00,30228.00
2013/12/09,4043,4084,3997,4053,8600.00,27452.00
2013/12/10,4058,4120,4057,4112,9992.00,25200.00
2013/12/11,4180,4200,4124,4156,8816.00,23868.00
2013/12/12,4157,4262,4112,4262,1628.00,23396.00
2013/12/13,4099,4099,4000,4010,916.00,23256.00
2013/12/16,4020,4025,4015,4022,1952.00,22588.00
2013/12/17,4200,4416,4180,4275,620.00,454.00
2013/12/18,4224,4282,4202,4259,426.00,642.00
2013/12/19,4262,4278,4148,4188,816.00,1078.00
2013/12/20,4120,4137,4094,4104,1082.00,1732.00
2013/12/23,4111,4162,4101,4140,1972.00,2926.00
2013/12/24,4130,4166,4106,4113,1318.00,3654.00
2013/12/25,4121,4149,4111,4133,286.00,3682.00
2013/12/26,4141,4151,4125,4139,1266.00,4380.00
2013/12/27,4129,4245,4129,4244,1446.00,4418.00
2013/12/30,4241,4273,4195,4203,1318.00,4466.00
2013/12/31,4197,4212,4128,4142,1472.00,4658.00
2014/01/02,4150,4273,4150,4256,1696.00,5134.00
2014/01/03,4227,4288,4221,4269,2608.00,4980.00
2014/01/06,4275,4297,4237,4245,3974.00,5060.00
2014/01/07,4231,4274,4226,4242,2076.00,5180.00
2014/01/08,4220,4238,4134,4139,2762.00,5332.00
2014/01/09,4151,4169,4066,4102,4368.00,5222.00
2014/01/10,4137,4167,4080,4136,3906.00,5122.00
2014/01/13,4156,4251,4115,4198,5460.00,5516.00
2014/01/14,4180,4254,4152,4227,4612.00,5978.00
2014/01/15,4224,4262,4174,4186,5640.00,6418.00
2014/01/16,4165,4210,4156,4198,3912.00,6704.00
2014/01/17,4171,4208,4171,4187,3254.00,6858.00
2014/01/20,4200,4236,4195,4229,4492.00,7346.00
2014/01/21,4226,4238,4189,4197,2892.00,7340.00
2014/01/22,4142,4164,4122,4140,3166.00,7590.00
2014/01/23,4143,4153,4099,4117,2646.00,7722.00
2014/01/24,4160,4205,4160,4174,4202.00,7208.00
2014/01/27,4204,4214,4127,4152,4048.00,7298.00
2014/01/28,4149,4158,4130,4150,3518.00,7840.00
2014/01/29,4150,4150,4114,4130,1696.00,7780.00
2014/01/30,4142,4162,4088,4108,3520.00,7358.00
2014/02/07,4152,4188,4129,4142,2342.00,7358.00
2014/02/10,4145,4206,4131,4203,6120.00,8324.00
2014/02/11,4207,4227,4178,4188,5122.00,8944.00
2014/02/12,4204,4225,4161,4192,5508.00,9666.00
2014/02/13,4209,4211,4187,4194,3186.00,9904.00
2014/02/14,4196,4309,4193,4308,7638.00,11204.00
2014/02/17,4361,4525,4346,4519,19752.00,14566.00
2014/02/18,4512,4544,4454,4476,22166.00,14950.00
2014/02/19,4458,4532,4450,4496,19752.00,20346.00
2014/02/20,4499,4521,4420,4453,23112.00,23524.00
2014/02/21,4442,4484,4436,4458,9144.00,23686.00
2014/02/24,4481,4492,4403,4475,15534.00,23540.00
2014/02/25,4510,4528,4475,4478,15794.00,23372.00
2014/02/26,4469,4546,4456,4523,22864.00,25288.00
2014/02/27,4466,4467,4338,4370,24566.00,27010.00
2014/02/28,4388,4410,4362,4371,13726.00,27308.00
2014/03/03,4381,4438,4369,4426,18298.00,28046.00
2014/03/04,4405,4448,4373,4378,13746.00,28198.00
2014/03/05,4355,4392,4350,4375,11576.00,28358.00
2014/03/06,4375,4390,4357,4374,11102.00,28680.00
2014/03/07,4370,4441,4365,4426,11330.00,28680.00
2014/03/10,4371,4413,4224,4247,28478.00,28780.00
2014/03/11,4274,4302,4247,4271,20362.00,32400.00
2014/03/12,4307,4338,4228,4314,25014.00,33390.00
2014/03/13,4324,4392,4301,4345,23744.00,35102.00
2014/03/14,4322,4360,4310,4341,16800.00,35968.00
2014/03/17,4436,4462,4351,4389,22654.00,36110.00
2014/03/18,4382,4392,4297,4317,22896.00,38526.00
2014/03/19,4247,4303,4230,4287,20062.00,40944.00
2014/03/20,4257,4317,4238,4262,28600.00,42552.00
2014/03/21,4202,4260,4202,4240,18946.00,43522.00
2014/03/24,4250,4264,4205,4217,17262.00,44774.00
2014/03/25,4191,4217,4175,4204,18650.00,45808.00
2014/03/26,4209,4223,4187,4219,13666.00,46452.00
2014/03/27,4206,4212,4162,4184,19152.00,48558.00
2014/03/28,4180,4201,4168,4195,14258.00,49400.00
2014/03/31,4188,4213,4185,4189,17258.00,50668.00
2014/04/01,4198,4207,4157,4180,20556.00,53876.00
2014/04/02,4187,4196,4177,4195,13942.00,54958.00
2014/04/03,4212,4220,4189,4210,18088.00,54804.00
2014/04/04,4193,4194,4140,4185,13258.00,57756.00
2014/04/08,4188,4243,4188,4234,21160.00,57308.00
2014/04/09,4234,4242,4215,4218,20636.00,59610.00
2014/04/10,4170,4229,4161,4216,26786.00,61436.00
2014/04/11,4231,4240,4202,4206,22196.00,63308.00
2014/04/14,4205,4228,4204,4222,17242.00,64302.00
2014/04/15,4207,4223,4165,4165,36348.00,74184.00
2014/04/16,4110,4132,4090,4113,66494.00,90224.00
2014/04/17,4131,4137,4096,4099,51146.00,100092.00
2014/04/18,4106,4112,4083,4090,43436.00,104868.00
2014/04/21,4092,4119,4014,4030,67090.00,113398.00
2014/04/22,4034,4072,4023,4060,74704.00,118368.00
2014/04/23,4061,4080,4038,4061,69762.00,124140.00
2014/04/24,4057,4073,4053,4068,47608.00,125378.00
2014/04/25,4044,4225,4042,4103,196486.00,131502.00
2014/04/28,4118,4147,4109,4130,125440.00,139438.00
2014/04/29,4140,4141,4085,4088,104002.00,157228.00
2014/04/30,4090,4103,4072,4080,111690.00,183958.00
2014/05/05,4110,4124,4105,4118,80264.00,191012.00
2014/05/06,4136,4139,4106,4121,124286.00,198394.00
2014/05/07,4124,4137,4120,4128,99240.00,207740.00
2014/05/08,4115,4117,4056,4058,223068.00,257174.00
2014/05/09,4050,4062,4035,4058,226508.00,292658.00
2014/05/12,4056,4087,4038,4080,389056.00,342292.00
2014/05/13,4119,4135,4083,4094,509068.00,367204.00
2014/05/14,4109,4119,4094,4116,356140.00,374128.00
2014/05/15,4165,4169,4128,4136,655744.00,386500.00
2014/05/16,4115,4123,4082,4086,707062.00,393750.00
2014/05/19,4080,4119,4072,4116,662404.00,413652.00
2014/05/20,4126,4128,4081,4092,709702.00,420414.00
2014/05/21,4082,4127,4077,4113,911236.00,404148.00
2014/05/22,4098,4133,4094,4131,825028.00,414124.00
2014/05/23,4144,4145,4105,4128,772024.00,405660.00
2014/05/26,4122,4129,4111,4121,472584.00,401144.00
2014/05/27,4123,4126,4085,4086,463534.00,445944.00
2014/05/28,4066,4076,4046,4066,942616.00,451574.00
2014/05/29,4071,4073,4016,4021,898466.00,481452.00
2014/05/30,4024,4057,4023,4055,837394.00,454228.00
2014/06/03,4030,4040,3982,4038,312156.00,462664.00
2014/06/04,4029,4044,4019,4036,577894.00,470086.00
2014/06/05,4039,4049,4029,4041,537656.00,469398.00
2014/06/06,4072,4083,4055,4070,724202.00,453502.00
2014/06/09,4066,4073,4031,4057,723684.00,452176.00
2014/06/10,4063,4064,4046,4053,384502.00,438010.00
2014/06/11,4058,4080,4056,4074,459270.00,431786.00
2014/06/12,4077,4077,4049,4058,423912.00,423590.00
2014/06/13,4062,4130,4058,4121,1013246.00,428314.00
2014/06/16,4114,4182,4104,4156,929098.00,454052.00
2014/06/17,4150,4151,4106,4118,859212.00,425020.00
2014/06/18,4114,4144,4110,4125,701454.00,429202.00
2014/06/19,4125,4175,4123,4164,908184.00,452550.00
2014/06/20,4192,4368,4188,4335,3435902.00,550344.00
2014/06/23,4338,4392,4328,4357,2187908.00,559734.00
2014/06/24,4373,4373,4335,4360,1345170.00,565638.00
2014/06/25,4379,4390,4306,4339,1907538.00,532808.00
2014/06/26,4348,4378,4328,4335,1363994.00,495556.00
2014/06/27,4343,4384,4333,4346,1384210.00,509330.00
2014/06/30,4350,4366,4302,4319,1051206.00,482794.00
2014/07/01,4315,4368,4307,4332,1168864.00,462684.00
2014/07/02,4338,4360,4321,4342,1038612.00,452686.00
2014/07/03,4342,4369,4315,4328,1266292.00,448024.00
2014/07/04,4335,4358,4327,4353,1045254.00,471534.00
2014/07/07,4347,4356,4260,4286,860316.00,429458.00
2014/07/08,4296,4315,4277,4310,755290.00,421442.00
2014/07/09,4318,4334,4292,4323,1055534.00,426574.00
2014/07/10,4331,4360,4298,4334,1112624.00,447660.00
2014/07/11,4374,4425,4370,4421,1360226.00,492204.00
2014/07/14,4413,4420,4347,4353,965344.00,450420.00
2014/07/15,4340,4340,4307,4327,864812.00,424392.00
2014/07/16,4327,4345,4282,4298,1208670.00,438250.00
2014/07/17,4305,4322,4291,4312,642114.00,436108.00
2014/07/18,4311,4371,4303,4337,1039886.00,408420.00
2014/07/21,4315,4336,4293,4335,761380.00,409916.00
2014/07/22,4341,4342,4315,4328,674040.00,424142.00
2014/07/23,4338,4360,4323,4341,837118.00,447776.00
2014/07/24,4345,4350,4300,4321,711982.00,453200.00
2014/07/25,4325,4327,4251,4270,1405948.00,471708.00
2014/07/28,4277,4330,4258,4296,905170.00,445724.00
2014/07/29,4299,4301,4281,4292,585510.00,452170.00
2014/07/30,4311,4313,4270,4289,736204.00,451678.00
2014/07/31,4289,4309,4274,4307,649986.00,459330.00
2014/08/01,4295,4296,4265,4275,773312.00,448362.00
2014/08/04,4290,4313,4276,4289,745478.00,452688.00
2014/08/05,4288,4295,4243,4274,714512.00,487568.00
2014/08/06,4258,4258,4205,4212,1182886.00,528878.00
2014/08/07,4230,4255,4227,4237,781926.00,518338.00
2014/08/08,4230,4261,4218,4253,793116.00,542052.00
2014/08/11,4233,4243,4221,4229,586666.00,525458.00
2014/08/12,4240,4245,4231,4238,412464.00,516208.00
2014/08/13,4248,4250,4215,4237,506238.00,517884.00
2014/08/14,4238,4241,4194,4215,685780.00,520478.00
2014/08/15,4213,4227,4206,4216,453006.00,520626.00
2014/08/18,4154,4187,4113,4133,1198662.00,456528.00
2014/08/19,4139,4142,4122,4122,373316.00,455378.00
2014/08/20,4119,4120,4075,4108,795890.00,443216.00
2014/08/21,4108,4135,4084,4098,758432.00,455874.00
2014/08/22,4094,4134,4091,4122,508332.00,457348.00
2014/08/25,4110,4129,4103,4114,556536.00,467402.00
2014/08/26,4114,4149,4102,4146,474272.00,470556.00
2014/08/27,4155,4158,4116,4132,537758.00,469522.00
2014/08/28,4135,4175,4111,4169,666712.00,520354.00
2014/08/29,4179,4179,4148,4162,608892.00,515016.00
2014/09/01,4159,4174,4140,4152,446122.00,506372.00
2014/09/02,4140,4155,4119,4123,366706.00,504412.00
2014/09/03,4102,4116,4094,4111,602166.00,512322.00
2014/09/04,4103,4119,4102,4108,291490.00,518630.00
2014/09/05,4111,4142,4089,4105,619874.00,513006.00
2014/09/09,4100,4108,4082,4092,189744.00,516016.00
2014/09/10,4090,4124,4069,4114,621716.00,530836.00
2014/09/11,4103,4115,4088,4098,491756.00,530324.00
2014/09/12,4078,4087,4018,4057,1003966.00,574972.00
2014/09/15,4046,4062,4025,4058,581616.00,557522.00
2014/09/16,4051,4096,4044,4066,550474.00,534146.00
2014/09/17,4065,4089,4062,4081,540762.00,528930.00
2014/09/18,4075,4102,4039,4045,514266.00,530176.00
2014/09/19,4028,4088,4022,4053,826186.00,529512.00
2014/09/22,4057,4063,3810,3810,2427488.00,657136.00
2014/09/23,3817,3835,3762,3777,1902036.00,636940.00
2014/09/24,3799,3832,3782,3808,957134.00,617838.00
2014/09/25,3785,3807,3725,3751,1781956.00,642024.00
2014/09/26,3750,3856,3724,3822,1582578.00,588982.00
2014/09/29,3792,3847,3780,3816,903886.00,550866.00
2014/09/30,3820,3853,3814,3829,537308.00,530598.00
2014/10/08,3801,3828,3756,3799,510916.00,517530.00
2014/10/09,3803,3850,3780,3836,1040930.00,547246.00
2014/10/10,3832,3893,3813,3822,1334068.00,585140.00
2014/10/13,3827,3876,3805,3858,1121592.00,535076.00
2014/10/14,3838,3860,3828,3845,667994.00,535870.00
2014/10/15,3852,3860,3793,3795,947016.00,585078.00
2014/10/16,3828,3888,3821,3832,1609622.00,545682.00
2014/10/17,3820,3842,3792,3824,1147472.00,523572.00
2014/10/20,3817,3834,3805,3832,794282.00,527100.00
2014/10/21,3836,3847,3825,3840,716048.00,519968.00
2014/10/22,3860,3866,3832,3843,760392.00,495230.00
2014/10/23,3805,3818,3787,3799,930950.00,532458.00
2014/10/24,3801,3810,3783,3809,743580.00,530808.00
2014/10/27,3807,3815,3786,3789,683730.00,529962.00
2014/10/28,3793,3809,3776,3791,686952.00,495880.00
2014/10/29,3813,3822,3791,3807,588402.00,483832.00
2014/10/30,3791,3815,3708,3720,1240642.00,521242.00
2014/10/31,3670,3690,3584,3584,2100408.00,502700.00
2014/11/03,3510,3515,3433,3463,1936994.00,420604.00
2014/11/04,3480,3494,3449,3465,887822.00,396322.00
2014/11/05,3458,3470,3325,3335,1229546.00,392638.00
2014/11/06,3280,3329,3262,3288,1615292.00,365622.00
2014/11/07,3277,3306,3216,3291,1447944.00,351690.00
2014/11/10,3302,3419,3289,3377,1681528.00,288298.00
2014/11/11,3351,3387,3348,3366,580444.00,273692.00
2014/11/12,3370,3416,3365,3407,356038.00,258138.00
2014/11/13,3392,3410,3375,3394,273886.00,248954.00
2014/11/14,3404,3423,3306,3329,390174.00,231024.00
2014/11/17,3328,3538,3313,3505,637528.00,184920.00
2014/11/18,3485,3508,3462,3489,277460.00,163836.00
2014/11/19,3498,3513,3476,3499,154418.00,160936.00
2014/11/20,3497,3552,3423,3468,297942.00,145854.00
2014/11/21,3476,3496,3462,3493,133650.00,136578.00
2014/11/24,3514,3566,3504,3526,275550.00,122852.00
2014/11/25,3520,3547,3515,3545,84584.00,113058.00
2014/11/26,3554,3562,3512,3530,119702.00,88204.00
2014/11/27,3530,3531,3452,3488,112570.00,64170.00
2014/11/28,3485,3485,3429,3440,65622.00,47834.00
2014/12/01,3443,3443,3276,3276,15878.00,46064.00
2014/12/02,3306,3568,3306,3493,49536.00,28656.00
2014/12/03,3454,3525,3442,3486,16640.00,21500.00
2014/12/04,3490,3510,3472,3491,15732.00,15276.00
2014/12/05,3485,3536,3475,3502,9916.00,14588.00
2014/12/08,3517,3532,3460,3479,6684.00,11948.00
2014/12/09,3472,3509,3466,3506,2952.00,10368.00
2014/12/10,3548,3659,3548,3659,5396.00,8080.00
2014/12/11,3894,3894,3592,3650,1160.00,7268.00
2014/12/12,3680,3680,3630,3645,460.00,7080.00
2014/12/15,3660,3660,3580,3602,460.00,6688.00
2014/12/16,3650,3667,3503,3525,478.00,248.00
2014/12/17,3602,3602,3434,3465,582.00,330.00
2014/12/18,3434,3520,3418,3496,306.00,370.00
2014/12/19,3465,3535,3465,3491,288.00,390.00
2014/12/22,3483,3519,3475,3514,170.00,440.00
2014/12/23,3511,3511,3424,3440,326.00,446.00
2014/12/24,3397,3486,3397,3454,152.00,456.00
2014/12/25,3445,3446,3429,3446,140.00,462.00
2014/12/26,3446,3486,3441,3476,212.00,532.00
2014/12/29,3515,3515,3485,3504,178.00,540.00
2014/12/30,3493,3509,3463,3489,326.00,616.00
2014/12/31,3489,3600,3489,3552,488.00,746.00
2015/01/05,3517,3539,3517,3533,296.00,860.00
2015/01/06,3699,3699,3490,3586,988.00,1204.00
2015/01/07,3577,3621,3561,3588,702.00,1234.00
2015/01/08,3576,3608,3572,3580,582.00,1354.00
2015/01/09,3600,3615,3580,3590,472.00,1480.00
2015/01/12,3567,3638,3553,3632,866.00,1620.00
2015/01/13,3608,3676,3601,3649,886.00,1642.00
2015/01/14,3675,3700,3606,3637,1952.00,2366.00
2015/01/15,3552,3666,3552,3600,1168.00,2314.00
2015/01/16,3675,3690,3645,3673,1592.00,2660.00
2015/01/19,3667,3805,3667,3786,3492.00,4106.00
2015/01/20,3791,3819,3771,3795,1804.00,4450.00
2015/01/21,3820,3955,3820,3932,9610.00,8414.00
2015/01/22,3920,3969,3838,3854,12958.00,14326.00
2015/01/23,3873,3918,3854,3896,4594.00,15712.00
2015/01/26,3898,3932,3856,3897,1660.00,15910.00
2015/01/27,3883,3890,3811,3859,2684.00,16360.00
2015/01/28,3875,3875,3838,3858,1748.00,16844.00
2015/01/29,3860,3865,3792,3800,8664.00,16808.00
2015/01/30,3765,3765,3606,3613,9316.00,16968.00
2015/02/02,3620,3710,3596,3668,5120.00,17024.00
2015/02/03,3661,3718,3645,3711,3764.00,17334.00
2015/02/04,3711,3713,3655,3688,4234.00,18338.00
2015/02/05,3710,3749,3694,3716,3310.00,18396.00
2015/02/06,3696,3718,3674,3709,3858.00,18110.00
2015/02/09,3712,3728,3604,3630,11502.00,17878.00
2015/02/10,3637,3666,3632,3652,2468.00,17884.00
2015/02/11,3639,3670,3632,3657,2276.00,18008.00
2015/02/12,3650,3655,3598,3624,5668.00,18422.00
2015/02/13,3632,3683,3615,3672,4790.00,18514.00
2015/02/16,3658,3736,3658,3727,5050.00,18242.00
2015/02/17,3727,3729,3698,3716,2532.00,18290.00
2015/02/25,3651,3651,3614,3625,5048.00,18212.00
2015/02/26,3622,3650,3617,3642,6922.00,19812.00
2015/02/27,3654,3667,3627,3645,7964.00,19086.00
2015/03/02,3636,3684,3625,3673,7220.00,20278.00
2015/03/03,3663,3675,3535,3625,15960.00,20962.00
2015/03/04,3634,3642,3592,3597,11158.00,22284.00
2015/03/05,3600,3605,3554,3571,15838.00,24572.00
2015/03/06,3568,3597,3552,3567,8414.00,25656.00
2015/03/09,3577,3577,3470,3505,20360.00,27752.00
2015/03/10,3500,3505,3462,3464,11534.00,29748.00
2015/03/11,3477,3500,3473,3487,8756.00,30678.00
2015/03/12,3474,3497,3416,3490,24158.00,33878.00
2015/03/13,3480,3509,3465,3480,16546.00,31834.00
2015/03/16,3485,3514,3460,3506,20396.00,31146.00
2015/03/17,3487,3509,3467,3480,11524.00,31818.00
2015/03/18,3467,3498,3438,3457,18830.00,32550.00
2015/03/19,3457,3573,3400,3543,29486.00,33218.00
2015/03/20,3522,3572,3522,3553,19028.00,35902.00
2015/03/23,3559,3686,3559,3675,50768.00,36518.00
2015/03/24,3680,3737,3680,3716,32952.00,42422.00
2015/03/25,3729,3734,3679,3695,25420.00,44412.00
2015/03/26,3729,3749,3693,3736,25984.00,46862.00
2015/03/27,3721,3729,3691,3717,30596.00,49924.00
2015/03/30,3724,3724,3663,3669,30918.00,53808.00
2015/03/31,3650,3663,3605,3610,25852.00,57894.00
2015/04/01,3625,3649,3602,3626,19172.00,57830.00
2015/04/02,3636,3692,3631,3685,39170.00,58854.00
2015/04/03,3660,3668,3629,3657,19604.00,60656.00
2015/04/07,3661,3692,3660,3680,9532.00,61578.00
2015/04/08,3662,3686,3662,3679,12494.00,62692.00
2015/04/09,3666,3679,3552,3567,44652.00,71998.00
2015/04/10,3566,3578,3533,3566,29774.00,74784.00
2015/04/13,3580,3637,3580,3606,43308.00,74418.00
2015/04/14,3602,3610,3545,3569,38722.00,74988.00
2015/04/15,3550,3603,3550,3561,55908.00,89452.00
2015/04/16,3559,3610,3553,3598,52438.00,94706.00
2015/04/17,3608,3617,3552,3564,60734.00,104014.00
2015/04/20,3565,3607,3564,3606,39532.00,102362.00
2015/04/21,3563,3564,3514,3519,77110.00,122868.00
2015/04/22,3527,3560,3519,3542,68028.00,136936.00
2015/04/23,3528,3529,3470,3484,113186.00,170230.00
2015/04/24,3493,3527,3488,3518,109112.00,194964.00
2015/04/27,3503,3542,3478,3522,194074.00,251734.00
2015/04/28,3536,3655,3530,3648,266538.00,263524.00
2015/04/29,3663,3682,3628,3644,255112.00,269626.00
2015/04/30,3650,3692,3636,3647,198308.00,289166.00
2015/05/04,3591,3625,3567,3612,163804.00,304628.00
2015/05/05,3632,3690,3608,3623,261840.00,310670.00
2015/05/06,3660,3678,3642,3651,354700.00,349198.00
2015/05/07,3670,3674,3609,3615,360026.00,352860.00
2015/05/08,3593,3639,3583,3627,314788.00,370332.00
2015/05/11,3633,3660,3609,3630,429510.00,375486.00
2015/05/12,3635,3657,3572,3604,564326.00,377052.00
2015/05/13,3635,3687,3612,3680,808636.00,456018.00
2015/05/14,3788,3790,3722,3768,1579674.00,530332.00
2015/05/15,3780,3808,3755,3784,1363988.00,477284.00
2015/05/18,3781,3867,3770,3852,1328736.00,546596.00
2015/05/19,3852,3859,3782,3802,1219326.00,481676.00
2015/05/20,3770,3775,3644,3687,1786804.00,363076.00
2015/05/21,3695,3734,3690,3716,1035726.00,356510.00
2015/05/22,3691,3737,3683,3721,906614.00,377088.00
2015/05/25,3705,3717,3670,3704,857864.00,374590.00
2015/05/26,3700,3745,3654,3657,960868.00,411440.00
2015/05/27,3634,3684,3625,3665,905320.00,409152.00
2015/05/28,3643,3674,3633,3657,816096.00,420546.00
2015/05/29,3661,3665,3621,3655,906320.00,418478.00
2015/06/01,3660,3675,3641,3647,746350.00,429702.00
2015/06/02,3654,3732,3648,3664,1595452.00,434062.00
2015/06/03,3654,3695,3654,3668,898340.00,440310.00
2015/06/04,3648,3664,3608,3619,1052946.00,463276.00
2015/06/05,3605,3615,3560,3564,1178526.00,513888.00
2015/06/08,3550,3582,3537,3572,1141656.00,551358.00
2015/06/09,3564,3577,3550,3566,713624.00,585978.00
2015/06/10,3572,3585,3553,3574,733544.00,616680.00
2015/06/11,3595,3596,3556,3558,682574.00,634448.00
2015/06/12,3569,3575,3520,3562,954912.00,624804.00
2015/06/15,3540,3561,3532,3554,732592.00,629868.00
2015/06/16,3548,3591,3545,3577,938338.00,618256.00
2015/06/17,3567,3571,3526,3543,796382.00,625158.00
2015/06/18,3550,3602,3537,3586,1195098.00,604526.00
2015/06/19,3620,3630,3564,3573,1170000.00,569242.00
2015/06/23,3573,3582,3545,3547,336396.00,589392.00
2015/06/24,3530,3540,3470,3505,1156272.00,640602.00
2015/06/25,3501,3513,3485,3494,764046.00,627222.00
2015/06/26,3490,3502,3449,3456,716220.00,645746.00
2015/06/29,3465,3511,3438,3480,858156.00,602846.00
2015/06/30,3489,3495,3393,3446,1020996.00,611362.00
2015/07/01,3436,3491,3408,3437,1202886.00,622706.00
2015/07/02,3438,3466,3417,3429,766544.00,628262.00
2015/07/03,3456,3479,3438,3464,799520.00,607458.00
2015/07/06,3473,3474,3423,3439,594826.00,607654.00
2015/07/07,3439,3482,3415,3439,756348.00,589178.00
2015/07/08,3416,3418,3236,3236,1890404.00,587930.00
2015/07/09,3222,3428,3200,3381,1837522.00,429516.00
2015/07/10,3390,3418,3363,3385,1114704.00,435878.00
2015/07/13,3387,3425,3364,3384,951406.00,439522.00
2015/07/14,3375,3383,3264,3348,1126164.00,474902.00
2015/07/15,3355,3378,3339,3350,609924.00,469360.00
2015/07/16,3330,3330,3274,3299,1076814.00,517138.00
2015/07/17,3260,3330,3248,3282,834966.00,514584.00
2015/07/20,3250,3274,3182,3259,1450470.00,551644.00
2015/07/21,3238,3308,3225,3255,1513836.00,551180.00
2015/07/22,3260,3290,3216,3241,1096848.00,564870.00
2015/07/23,3235,3269,3227,3256,1013276.00,580014.00
2015/07/24,3255,3267,3188,3219,1186810.00,598618.00
2015/07/27,3200,3243,3150,3239,1497536.00,606118.00
2015/07/28,3221,3241,3203,3221,1012566.00,593490.00
2015/07/29,3221,3250,3218,3235,709150.00,585096.00
2015/07/30,3233,3279,3215,3223,1242198.00,582506.00
2015/07/31,3231,3255,3217,3219,864652.00,583400.00
2015/08/03,3239,3285,3229,3246,1047254.00,569222.00
2015/08/04,3234,3242,3168,3208,1031718.00,641942.00
2015/08/05,3218,3222,3191,3199,629832.00,647668.00
2015/08/06,3215,3226,3191,3208,656680.00,630576.00
2015/08/07,3200,3247,3198,3242,751408.00,602422.00
2015/08/10,3218,3274,3212,3263,1336552.00,592580.00
2015/08/11,3258,3389,3257,3361,2547806.00,629066.00
2015/08/12,3378,3534,3359,3526,2777698.00,635964.00
2015/08/13,3556,3563,3485,3513,2347042.00,535850.00
2015/08/14,3493,3513,3481,3501,1231488.00,537492.00
2015/08/17,3505,3535,3430,3460,2054958.00,504198.00
2015/08/18,3465,3476,3443,3448,923578.00,488284.00
2015/08/19,3420,3424,3365,3419,1519740.00,506528.00
2015/08/20,3414,3505,3411,3485,1710848.00,513308.00
2015/08/21,3502,3544,3489,3499,1887490.00,513666.00
2015/08/24,3490,3506,3414,3427,2584172.00,483962.00
2015/08/25,3355,3444,3345,3367,2473734.00,465660.00
2015/08/26,3399,3412,3316,3318,1849336.00,474912.00
2015/08/27,3275,3293,3236,3280,1569930.00,453642.00
2015/08/28,3260,3366,3255,3339,1953862.00,420528.00
2015/08/31,3326,3369,3307,3332,1509230.00,410518.00
2015/09/01,3321,3360,3301,3333,1042540.00,409418.00
2015/09/02,3332,3363,3316,3324,1053868.00,395636.00
2015/09/07,3325,3342,3313,3319,274768.00,405316.00
2015/09/08,3315,3326,3295,3323,790686.00,413168.00
2015/09/09,3345,3395,3327,3332,1826396.00,373444.00
2015/09/10,3333,3339,3305,3333,1121444.00,373722.00
2015/09/11,3338,3358,3321,3328,1069886.00,389784.00
2015/09/14,3315,3329,3271,3302,1431436.00,408486.00
2015/09/15,3291,3305,3284,3287,741524.00,429864.00
2015/09/16,3294,3315,3274,3307,812624.00,411664.00
2015/09/17,3348,3381,3337,3366,1438078.00,392582.00
2015/09/18,3364,3448,3355,3394,1679856.00,399066.00
2015/09/21,3450,3453,3390,3419,1103882.00,398304.00
2015/09/22,3408,3426,3402,3407,436048.00,403180.00
2015/09/23,3350,3373,3340,3357,633094.00,376520.00
2015/09/24,3362,3381,3350,3368,401002.00,386150.00
2015/09/25,3360,3417,3357,3391,787468.00,400568.00
2015/09/28,3390,3400,3352,3354,217100.00,391014.00
2015/09/29,3324,3327,3273,3286,641526.00,384110.00
2015/09/30,3305,3316,3290,3292,365528.00,351852.00
2015/10/08,3559,3559,3454,3467,513814.00,346412.00
2015/10/09,3430,3485,3429,3469,733804.00,379184.00
2015/10/12,3493,3496,3451,3489,705888.00,400162.00
2015/10/13,3486,3501,3432,3448,621122.00,396600.00
2015/10/14,3457,3494,3450,3478,667046.00,428026.00
2015/10/15,3479,3508,3474,3477,720162.00,437984.00
2015/10/16,3468,3483,3449,3449,622714.00,439894.00
2015/10/19,3460,3475,3428,3435,546388.00,430384.00
2015/10/20,3440,3460,3414,3440,512586.00,427788.00
2015/10/21,3439,3454,3414,3418,595040.00,433688.00
2015/10/22,3424,3435,3402,3433,577678.00,419752.00
2015/10/23,3424,3469,3416,3468,713716.00,443824.00
2015/10/26,3468,3468,3420,3435,573794.00,415254.00
2015/10/27,3438,3447,3424,3438,397592.00,417466.00
2015/10/28,3428,3462,3423,3453,522540.00,419594.00
2015/10/29,3467,3515,3432,3437,1311832.00,389144.00
2015/10/30,3425,3435,3396,3406,767574.00,358634.00
2015/11/02,3388,3404,3383,3390,388510.00,340924.00
2015/11/03,3387,3392,3368,3385,328622.00,330308.00
2015/11/04,3377,3382,3353,3364,384406.00,318538.00
2015/11/05,3367,3377,3313,3318,491200.00,326166.00
2015/11/06,3315,3329,3300,3323,409690.00,308918.00
2015/11/09,3325,3332,3262,3288,654342.00,294692.00
2015/11/10,3289,3289,3241,3258,436342.00,282128.00
2015/11/11,3252,3271,3231,3262,416942.00,273100.00
2015/11/12,3259,3259,3234,3255,269162.00,271644.00
2015/11/13,3244,3275,3226,3250,565376.00,260014.00
2015/11/16,3248,3284,3243,3278,447840.00,245634.00
2015/11/17,3278,3278,3206,3227,441080.00,223512.00
2015/11/18,3228,3248,3210,3230,364644.00,208602.00
2015/11/19,3224,3238,3200,3234,306342.00,194960.00
2015/11/20,3223,3250,3208,3241,282004.00,176180.00
2015/11/23,3241,3252,3135,3176,287122.00,152162.00
2015/11/24,3165,3191,3145,3177,157968.00,138044.00
2015/11/25,3180,3218,3172,3198,126696.00,121784.00
2015/11/26,3186,3218,3170,3193,99194.00,99272.00
2015/11/27,3202,3206,3164,3169,68460.00,77732.00
2015/11/30,3175,3178,3135,3138,62576.00,58414.00
2015/12/01,3150,3168,3141,3163,23706.00,47504.00
2015/12/02,3166,3170,3154,3162,8552.00,44416.00
2015/12/03,3164,3164,3115,3131,8760.00,43240.00
2015/12/04,3131,3319,3131,3153,6684.00,40384.00
2015/12/07,3154,3238,3137,3227,17872.00,36220.00
2015/12/08,3223,3233,3180,3192,4332.00,34848.00
2015/12/09,3192,3200,3173,3189,4932.00,33540.00
2015/12/10,3198,3218,3180,3183,6668.00,31128.00
2015/12/11,3120,3197,3120,3182,1332.00,30640.00
2015/12/14,3150,3184,3150,3176,1168.00,30880.00
2015/12/15,3200,3200,3150,3159,904.00,31112.00
2015/12/16,3365,3365,3279,3314,96.00,58.00
2015/12/17,3320,3358,3313,3338,178.00,130.00
2015/12/18,3335,3341,3300,3320,290.00,270.00
2015/12/21,3317,3399,3317,3389,222.00,336.00
2015/12/22,3389,3400,3370,3389,262.00,374.00
2015/12/23,3399,3402,3376,3379,276.00,512.00
2015/12/24,3329,3396,3329,3396,56.00,518.00
2015/12/25,3393,3401,3387,3400,380.00,722.00
2015/12/28,3394,3400,3377,3378,106.00,732.00
2015/12/29,3378,3385,3362,3380,416.00,954.00
2015/12/30,3449,3449,3374,3376,622.00,1140.00
2015/12/31,3368,3376,3357,3365,290.00,1250.00
2016/01/04,3369,3383,3335,3380,442.00,1302.00
2016/01/05,3372,3400,3362,3390,950.00,1810.00
2016/01/06,3398,3400,3371,3391,636.00,1852.00
2016/01/07,3394,3459,3381,3432,1962.00,2672.00
2016/01/08,3440,3462,3419,3430,504.00,2736.00
2016/01/11,3420,3427,3402,3422,1060.00,2776.00
2016/01/12,3422,3422,3360,3361,984.00,2932.00
2016/01/13,3354,3361,3342,3346,486.00,2908.00
2016/01/14,3349,3399,3349,3389,544.00,2976.00
2016/01/15,3371,3382,3362,3367,328.00,2920.00
2016/01/18,3375,3398,3371,3371,194.00,2910.00
2016/01/19,3376,3395,3373,3392,176.00,2912.00
2016/01/20,3396,3408,3388,3391,398.00,3030.00
2016/01/21,3408,3415,3397,3408,396.00,3146.00
2016/01/22,3395,3402,3380,3398,496.00,3202.00
2016/01/25,3405,3430,3391,3396,600.00,3268.00
2016/01/26,3412,3431,3402,3431,526.00,3352.00
2016/01/27,3431,3450,3422,3443,630.00,3444.00
2016/01/28,3438,3448,3425,3425,398.00,3316.00
2016/01/29,3426,3429,3408,3411,922.00,3722.00
2016/02/01,3392,3425,3392,3422,252.00,3776.00
2016/02/02,3424,3433,3410,3412,258.00,3790.00
2016/02/03,3416,3430,3405,3416,464.00,3868.00
2016/02/04,3425,3470,3418,3466,860.00,3830.00
2016/02/05,3480,3498,3462,3468,1356.00,4354.00
2016/02/15,3566,3594,3534,3551,2040.00,4670.00
2016/02/16,3552,3552,3524,3542,1394.00,5210.00
2016/02/17,3548,3550,3530,3544,1678.00,5160.00
2016/02/18,3544,3546,3534,3534,548.00,5290.00
2016/02/19,3526,3555,3526,3553,764.00,5348.00
2016/02/22,3555,3561,3526,3526,1110.00,5528.00
2016/02/23,3505,3529,3502,3526,1166.00,5620.00
2016/02/24,3516,3533,3516,3522,1058.00,5774.00
2016/02/25,3530,3560,3509,3510,2556.00,6648.00
2016/02/26,3508,3513,3475,3486,1568.00,6746.00
2016/02/29,3488,3490,3396,3404,4064.00,7906.00
2016/03/01,3417,3444,3400,3436,2148.00,8172.00
2016/03/02,3436,3448,3398,3413,9708.00,12192.00
2016/03/03,3416,3444,3411,3427,4042.00,13118.00
2016/03/04,3432,3516,3420,3506,7006.00,14914.00
2016/03/07,3514,3596,3468,3563,25188.00,22326.00
2016/03/08,3589,3642,3518,3540,20978.00,26988.00
2016/03/09,3552,3555,3455,3481,12868.00,26958.00
2016/03/10,3477,3507,3469,3480,8360.00,28266.00
2016/03/11,3480,3556,3460,3520,15760.00,27716.00
2016/03/14,3520,3531,3495,3520,9810.00,28144.00
2016/03/15,3531,3565,3470,3480,14402.00,28582.00
2016/03/16,3480,3490,3466,3486,3880.00,28702.00
2016/03/17,3486,3535,3464,3520,15228.00,28022.00
2016/03/18,3526,3624,3526,3607,33488.00,35564.00
2016/03/21,3592,3592,3542,3554,21036.00,38592.00
2016/03/22,3558,3613,3554,3608,23874.00,48026.00
2016/03/23,3618,3618,3552,3555,23756.00,50310.00
2016/03/24,3515,3522,3490,3497,28512.00,46214.00
2016/03/25,3510,3514,3488,3497,9964.00,47556.00
2016/03/28,3497,3506,3488,3494,9934.00,47780.00
2016/03/29,3500,3514,3474,3477,21374.00,53000.00
2016/03/30,3480,3515,3472,3509,19408.00,55606.00
2016/03/31,3502,3512,3479,3488,14642.00,57540.00
2016/04/01,3518,3519,3491,3499,19800.00,61968.00
2016/04/05,3444,3461,3425,3449,12432.00,65042.00
2016/04/06,3456,3467,3446,3450,12510.00,68944.00
2016/04/07,3440,3465,3433,3456,10530.00,70826.00
2016/04/08,3469,3486,3458,3458,15868.00,71766.00
2016/04/11,3464,3506,3462,3498,28578.00,75382.00
2016/04/12,3529,3550,3522,3550,40276.00,86854.00
2016/04/13,3565,3600,3556,3565,105988.00,120440.00
2016/04/14,3578,3611,3552,3570,75874.00,140168.00
2016/04/15,3574,3592,3561,3582,58286.00,156992.00
2016/04/18,3575,3620,3558,3567,84760.00,171024.00
2016/04/19,3595,3742,3572,3733,117264.00,180802.00
2016/04/20,3785,3843,3735,3765,245970.00,220092.00
2016/04/21,3790,3935,3773,3898,265194.00,239574.00
2016/04/22,3945,3963,3749,3798,301062.00,229612.00
2016/04/25,3829,3863,3717,3781,250722.00,233010.00
2016/04/26,3778,3802,3761,3768,152962.00,262316.00
2016/04/27,3775,3878,3770,3869,222154.00,298844.00
2016/04/28,3879,3881,3803,3856,237142.00,307276.00
2016/04/29,3886,3978,3841,3933,317750.00,360992.00
2016/05/03,3917,3945,3888,3940,167542.00,378872.00
2016/05/04,3917,3935,3849,3856,273600.00,380332.00
2016/05/05,3883,3887,3841,3867,219628.00,376466.00
2016/05/06,3899,3914,3805,3834,452204.00,396520.00
2016/05/09,3859,3888,3821,3828,459094.00,433584.00
2016/05/10,3793,3795,3721,3768,481554.00,439960.00
2016/05/11,3756,3825,3746,3806,469730.00,479698.00
2016/05/12,3838,3858,3810,3822,525870.00,488434.00
2016/05/13,3812,3850,3747,3788,737412.00,482282.00
2016/05/16,3756,3838,3750,3834,554168.00,511264.00
2016/05/17,3845,3848,3796,3817,432048.00,503482.00
2016/05/18,3800,3842,3788,3788,528952.00,510900.00
2016/05/19,3786,3819,3698,3700,764358.00,527964.00
2016/05/20,3672,3697,3651,3678,559092.00,547112.00
2016/05/23,3699,3712,3630,3650,583802.00,554350.00
2016/05/24,3648,3664,3617,3622,427062.00,566640.00
2016/05/25,3630,3660,3612,3623,469250.00,564482.00
2016/05/26,3623,3674,3623,3665,417958.00,558236.00
2016/05/27,3672,3682,3600,3630,525244.00,571292.00
2016/05/30,3622,3640,3546,3565,556390.00,580080.00
2016/05/31,3571,3605,3560,3586,378000.00,592934.00
2016/06/01,3579,3597,3574,3590,417804.00,569358.00
2016/06/02,3588,3600,3561,3593,484758.00,538820.00
2016/06/03,3591,3605,3580,3601,277354.00,552946.00
2016/06/06,3660,3679,3651,3667,500138.00,528954.00
2016/06/07,3684,3693,3658,3677,319352.00,525504.00
2016/06/08,3665,3718,3661,3712,348458.00,531502.00
2016/06/13,3834,3864,3804,3847,392728.00,559942.00
2016/06/14,3867,3872,3831,3848,417450.00,580736.00
2016/06/15,3859,3878,3845,3869,404858.00,582470.00
2016/06/16,3871,3945,3835,3935,684578.00,623520.00
2016/06/17,3937,3941,3810,3836,804894.00,611744.00
2016/06/20,3846,3866,3816,3841,457478.00,624986.00
2016/06/21,3843,3882,3835,3850,424710.00,645754.00
2016/06/22,3813,3828,3780,3809,458680.00,620244.00
2016/06/23,3803,3827,3800,3811,381220.00,625016.00
2016/06/24,3810,3938,3808,3901,1024378.00,650062.00
2016/06/27,3935,3960,3894,3925,684838.00,650600.00
2016/06/28,3930,3934,3882,3909,393308.00,657096.00
2016/06/29,3915,4065,3912,4056,1067420.00,789134.00
2016/06/30,4078,4085,4021,4064,823344.00,767918.00
2016/07/01,4070,4285,4056,4230,1518798.00,738136.00
2016/07/04,4233,4419,4226,4419,849340.00,728592.00
2016/07/05,4588,4599,4315,4427,1916788.00,672990.00
2016/07/06,4382,4575,4338,4511,2088988.00,687792.00
2016/07/07,4481,4508,4416,4455,1162692.00,679452.00
2016/07/08,4419,4422,4320,4340,1276016.00,667546.00
2016/07/11,4318,4580,4301,4506,1900034.00,744214.00
2016/07/12,4481,4538,4459,4517,1181030.00,760710.00
2016/07/13,4512,4537,4397,4523,1840992.00,807440.00
2016/07/14,4518,4549,4459,4491,1328388.00,771988.00
2016/07/15,4446,4493,4430,4466,884980.00,758848.00
2016/07/18,4470,4472,4385,4395,982928.00,734200.00
2016/07/19,4389,4421,4369,4392,769506.00,731752.00
2016/07/20,4395,4416,4356,4358,693650.00,753062.00
2016/07/21,4308,4319,4243,4273,958284.00,697594.00
2016/07/22,4278,4402,4256,4333,1049482.00,696560.00
2016/07/25,4336,4352,4266,4297,723750.00,691712.00
2016/07/26,4293,4355,4266,4332,796298.00,694132.00
2016/07/27,4327,4351,4312,4326,509950.00,691762.00
2016/07/28,4340,4514,4338,4499,1266174.00,730820.00
2016/07/29,4492,4492,4432,4442,791030.00,723278.00
2016/08/01,4475,4558,4446,4530,1140446.00,756980.00
2016/08/02,4527,4545,4492,4531,682914.00,766558.00
2016/08/03,4578,4588,4545,4569,741214.00,782944.00
2016/08/04,4549,4554,4441,4451,947548.00,744762.00
2016/08/05,4494,4508,4469,4496,636060.00,736830.00
2016/08/08,4421,4421,4335,4341,906608.00,707786.00
2016/08/09,4368,4384,4336,4343,490172.00,694672.00
2016/08/10,4338,4475,4327,4462,805430.00,717436.00
2016/08/11,4487,4498,4400,4428,728440.00,693398.00
2016/08/12,4439,4465,4404,4418,613898.00,699542.00
2016/08/16,4365,4432,4361,4410,595176.00,695148.00
2016/08/17,4390,4409,4349,4357,736386.00,702402.00
2016/08/18,4357,4420,4304,4382,817088.00,693840.00
2016/08/19,4375,4393,4349,4367,466792.00,694094.00
