2016/11/15	11:27	4017	4017	4015	4015	760.00	249204.00
2016/11/15	11:28	4015	4016	4014	4014	236.00	249094.00
2016/11/15	11:29	4015	4016	4014	4016	286.00	248922.00
2016/11/15	11:30	4015	4016	4014	4014	218.00	248772.00
2016/11/15	13:31	4010	4012	4009	4011	1726.00	248988.00
2016/11/15	13:32	4011	4012	4011	4011	472.00	248942.00
2016/11/15	13:33	4011	4012	4003	4004	1444.00	248976.00
2016/11/15	13:34	4004	4005	3996	4002	3300.00	249020.00
2016/11/15	13:35	4001	4007	4000	4000	1336.00	249146.00
2016/11/15	13:36	4000	4001	3997	3999	1480.00	249500.00
2016/11/15	13:37	3998	4003	3998	4002	964.00	249536.00
2016/11/15	13:38	4002	4003	4001	4003	274.00	249518.00
2016/11/15	13:39	4003	4005	4002	4005	708.00	249384.00
2016/11/15	13:40	4006	4009	4005	4009	1018.00	249556.00
2016/11/15	13:41	4009	4009	4005	4006	528.00	249388.00
2016/11/15	13:42	4006	4007	4005	4007	806.00	249408.00
2016/11/15	13:43	4006	4006	4001	4001	622.00	249426.00
2016/11/15	13:44	4002	4003	4000	4000	1186.00	249386.00
2016/11/15	13:45	4000	4001	3999	4000	662.00	249298.00
2016/11/15	13:46	4000	4000	3996	3997	1386.00	249206.00
2016/11/15	13:47	3997	4000	3996	3999	752.00	249244.00
2016/11/15	13:48	3999	4001	3999	3999	254.00	249254.00
2016/11/15	13:49	3999	4003	3999	4002	298.00	249316.00
2016/11/15	13:50	4002	4002	3998	3998	410.00	249278.00
2016/11/15	13:51	3998	3999	3996	3997	750.00	249534.00
2016/11/15	13:52	3996	4001	3993	3996	2330.00	249726.00
2016/11/15	13:53	3996	3997	3996	3997	304.00	249682.00
2016/11/15	13:54	3997	3999	3996	3997	554.00	249372.00
2016/11/15	13:55	3997	3998	3993	3994	858.00	249218.00
2016/11/15	13:56	3994	3998	3994	3997	648.00	249404.00
2016/11/15	13:57	3997	3999	3997	3998	370.00	249496.00
2016/11/15	13:58	3998	3999	3997	3997	654.00	249550.00
2016/11/15	13:59	3997	3999	3996	3998	296.00	249720.00
2016/11/15	14:00	3997	3999	3997	3998	378.00	249812.00
2016/11/15	14:01	3998	3999	3996	3998	622.00	249812.00
2016/11/15	14:02	3998	4000	3998	4000	242.00	249874.00
2016/11/15	14:03	4000	4004	4000	4003	526.00	249784.00
2016/11/15	14:04	4002	4003	4002	4003	224.00	249850.00
2016/11/15	14:05	4003	4004	4002	4003	432.00	249988.00
2016/11/15	14:06	4002	4003	4000	4001	386.00	250136.00
2016/11/15	14:07	4001	4003	4000	4003	368.00	250258.00
2016/11/15	14:08	4002	4002	4000	4001	338.00	250222.00
2016/11/15	14:09	4002	4004	4001	4004	634.00	250394.00
2016/11/15	14:10	4004	4005	4003	4004	696.00	250392.00
2016/11/15	14:11	4004	4005	4003	4004	304.00	250374.00
2016/11/15	14:12	4004	4006	4001	4001	764.00	250014.00
2016/11/15	14:13	4002	4005	4001	4004	352.00	249928.00
2016/11/15	14:14	4004	4007	4004	4005	1184.00	249760.00
2016/11/15	14:15	4006	4006	4003	4005	654.00	249718.00
2016/11/15	14:16	4005	4006	4004	4005	360.00	249550.00
2016/11/15	14:17	4004	4005	4003	4004	112.00	249508.00
2016/11/15	14:18	4004	4004	4001	4004	1506.00	248894.00
2016/11/15	14:19	4004	4005	4003	4004	148.00	248876.00
2016/11/15	14:20	4004	4005	4004	4004	180.00	248858.00
2016/11/15	14:21	4005	4005	4002	4002	526.00	248844.00
2016/11/15	14:22	4004	4005	4002	4005	360.00	249036.00
2016/11/15	14:23	4005	4005	4003	4003	360.00	249112.00
2016/11/15	14:24	4004	4005	4004	4005	674.00	249270.00
2016/11/15	14:25	4005	4007	4004	4007	346.00	249404.00
2016/11/15	14:26	4007	4012	4006	4012	996.00	249340.00
2016/11/15	14:27	4011	4014	4011	4014	792.00	249312.00
2016/11/15	14:28	4014	4015	4012	4015	622.00	249420.00
2016/11/15	14:29	4014	4018	4014	4016	1058.00	249032.00
2016/11/15	14:30	4017	4017	4012	4015	820.00	248930.00
2016/11/15	14:31	4015	4017	4015	4015	628.00	248688.00
2016/11/15	14:32	4015	4017	4015	4016	326.00	248710.00
2016/11/15	14:33	4017	4017	4014	4014	334.00	248678.00
2016/11/15	14:34	4014	4015	4013	4014	264.00	248674.00
2016/11/15	14:35	4014	4016	4014	4016	302.00	248696.00
2016/11/15	14:36	4016	4017	4015	4016	210.00	248700.00
2016/11/15	14:37	4015	4017	4014	4014	296.00	248566.00
2016/11/15	14:38	4014	4015	4013	4013	224.00	248538.00
2016/11/15	14:39	4014	4014	4006	4009	984.00	248274.00
2016/11/15	14:40	4009	4011	4008	4010	414.00	248160.00
2016/11/15	14:41	4009	4009	4004	4006	664.00	248054.00
2016/11/15	14:42	4005	4007	4004	4006	598.00	247986.00
2016/11/15	14:43	4007	4008	4005	4008	368.00	248012.00
2016/11/15	14:44	4008	4008	4006	4007	518.00	248040.00
2016/11/15	14:45	4007	4007	4006	4006	204.00	248006.00
2016/11/15	14:46	4006	4007	4006	4007	302.00	247886.00
2016/11/15	14:47	4007	4008	4006	4007	156.00	247996.00
2016/11/15	14:48	4008	4009	4007	4008	150.00	247934.00
2016/11/15	14:49	4008	4009	4007	4009	242.00	247984.00
2016/11/15	14:50	4009	4009	4008	4009	184.00	247858.00
2016/11/15	14:51	4010	4012	4009	4009	718.00	247514.00
2016/11/15	14:52	4009	4011	4008	4011	518.00	247454.00
2016/11/15	14:53	4011	4013	4010	4013	288.00	247434.00
2016/11/15	14:54	4013	4014	4011	4014	486.00	247154.00
2016/11/15	14:55	4014	4015	4013	4015	474.00	247024.00
2016/11/15	14:56	4015	4015	4011	4013	820.00	246830.00
2016/11/15	14:57	4012	4017	4012	4017	506.00	246638.00
2016/11/15	14:58	4017	4019	4016	4018	532.00	246304.00
2016/11/15	14:59	4018	4018	4014	4017	490.00	246248.00
2016/11/15	15:00	4017	4019	4015	4016	1260.00	245542.00
2016/11/15	21:01	4005	4009	4004	4005	1628.00	245562.00
2016/11/15	21:02	4006	4009	4006	4007	548.00	245654.00
2016/11/15	21:03	4008	4010	4008	4009	814.00	245542.00
2016/11/15	21:04	4009	4014	4009	4012	894.00	244994.00
2016/11/15	21:05	4012	4013	4011	4013	440.00	244924.00
2016/11/15	21:06	4012	4014	4010	4013	396.00	244890.00
2016/11/15	21:07	4013	4016	4011	4014	840.00	244700.00
2016/11/15	21:08	4014	4015	4012	4013	584.00	244496.00
2016/11/15	21:09	4013	4014	4010	4010	366.00	244462.00
2016/11/15	21:10	4010	4010	4008	4008	406.00	244550.00
2016/11/15	21:11	4009	4016	4009	4015	768.00	244526.00
2016/11/15	21:12	4015	4016	4014	4014	554.00	244294.00
2016/11/15	21:13	4015	4015	4010	4011	314.00	244328.00
2016/11/15	21:14	4011	4012	4010	4011	454.00	244314.00
2016/11/15	21:15	4011	4013	4010	4013	326.00	244148.00
2016/11/15	21:16	4013	4014	4012	4014	294.00	244136.00
2016/11/15	21:17	4014	4015	4013	4014	360.00	244236.00
2016/11/15	21:18	4014	4014	4013	4014	406.00	244148.00
2016/11/15	21:19	4014	4018	4014	4014	1482.00	243966.00
2016/11/15	21:20	4015	4016	4013	4013	238.00	244030.00
2016/11/15	21:21	4013	4014	4011	4014	376.00	243948.00
2016/11/15	21:22	4014	4014	4012	4013	100.00	243936.00
2016/11/15	21:23	4012	4013	4011	4011	168.00	243950.00
2016/11/15	21:24	4011	4012	4011	4011	270.00	243932.00
2016/11/15	21:25	4011	4015	4011	4015	414.00	243840.00
2016/11/15	21:26	4014	4014	4007	4009	910.00	243844.00
2016/11/15	21:27	4009	4012	4009	4011	356.00	243928.00
2016/11/15	21:28	4010	4011	4007	4008	258.00	244026.00
2016/11/15	21:29	4007	4010	4006	4009	442.00	244172.00
2016/11/15	21:30	4009	4012	4009	4011	374.00	244254.00
2016/11/15	21:31	4005	4009	4002	4004	2584.00	244440.00
2016/11/15	21:32	4003	4008	3999	4005	1404.00	244404.00
2016/11/15	21:33	4006	4016	4006	4013	1462.00	244240.00
2016/11/15	21:34	4012	4017	4011	4011	1448.00	243998.00
2016/11/15	21:35	4011	4017	4011	4017	1076.00	243830.00
2016/11/15	21:36	4015	4018	4013	4017	750.00	243768.00
2016/11/15	21:37	4017	4017	4014	4016	568.00	243626.00
2016/11/15	21:38	4014	4016	4012	4013	484.00	243616.00
2016/11/15	21:39	4014	4016	4010	4010	652.00	243344.00
2016/11/15	21:40	4010	4014	4009	4012	764.00	243240.00
2016/11/15	21:41	4012	4015	4010	4012	438.00	243246.00
2016/11/15	21:42	4011	4012	4010	4010	276.00	243246.00
2016/11/15	21:43	4011	4014	4008	4014	584.00	243236.00
2016/11/15	21:44	4014	4015	4012	4013	774.00	243112.00
2016/11/15	21:45	4013	4014	4009	4010	542.00	242892.00
2016/11/15	21:46	4011	4013	4010	4013	180.00	242824.00
2016/11/15	21:47	4011	4013	4011	4012	128.00	242812.00
2016/11/15	21:48	4012	4013	4008	4008	218.00	242890.00
2016/11/15	21:49	4009	4011	4009	4010	112.00	242900.00
2016/11/15	21:50	4009	4010	4006	4007	808.00	242720.00
2016/11/15	21:51	4006	4007	4002	4006	1044.00	242934.00
2016/11/15	21:52	4007	4008	4004	4006	494.00	243034.00
2016/11/15	21:53	4006	4008	4005	4008	214.00	242964.00
2016/11/15	21:54	4007	4007	4006	4007	234.00	242900.00
2016/11/15	21:55	4008	4010	4008	4009	444.00	242756.00
2016/11/15	21:56	4009	4010	4008	4008	358.00	242710.00
2016/11/15	21:57	4008	4010	4008	4010	114.00	242740.00
2016/11/15	21:58	4010	4012	4009	4012	282.00	242698.00
2016/11/15	21:59	4012	4012	4010	4011	214.00	242674.00
2016/11/15	22:00	4011	4012	4010	4010	246.00	242676.00
2016/11/15	22:01	4010	4010	4008	4009	422.00	242598.00
2016/11/15	22:02	4008	4010	4006	4009	402.00	242580.00
2016/11/15	22:03	4008	4010	4008	4010	192.00	242560.00
2016/11/15	22:04	4011	4012	4010	4012	152.00	242510.00
2016/11/15	22:05	4012	4013	4009	4009	372.00	242634.00
2016/11/15	22:06	4010	4011	4008	4009	130.00	242644.00
2016/11/15	22:07	4009	4010	4008	4008	958.00	242948.00
2016/11/15	22:08	4008	4010	4006	4008	416.00	242882.00
2016/11/15	22:09	4007	4009	4007	4009	258.00	242830.00
2016/11/15	22:10	4008	4009	4008	4008	124.00	242852.00
2016/11/15	22:11	4008	4010	4008	4010	200.00	242784.00
2016/11/15	22:12	4010	4012	4010	4011	296.00	242686.00
2016/11/15	22:13	4011	4012	4010	4011	172.00	242722.00
2016/11/15	22:14	4012	4012	4010	4010	168.00	242670.00
2016/11/15	22:15	4011	4012	4010	4012	190.00	242610.00
2016/11/15	22:16	4012	4014	4012	4014	234.00	242556.00
2016/11/15	22:17	4013	4015	4012	4014	272.00	242504.00
2016/11/15	22:18	4015	4016	4014	4015	482.00	242262.00
2016/11/15	22:19	4014	4016	4012	4012	276.00	242256.00
2016/11/15	22:20	4013	4014	4011	4014	246.00	242172.00
2016/11/15	22:21	4012	4013	4011	4013	140.00	242156.00
2016/11/15	22:22	4013	4013	4011	4012	156.00	242198.00
2016/11/15	22:23	4012	4013	4011	4013	134.00	242178.00
2016/11/15	22:24	4012	4014	4012	4013	78.00	242154.00
2016/11/15	22:25	4013	4013	4011	4011	90.00	242156.00
2016/11/15	22:26	4011	4012	4011	4012	114.00	242128.00
2016/11/15	22:27	4011	4012	4010	4011	202.00	242144.00
2016/11/15	22:28	4012	4013	4011	4013	122.00	242112.00
2016/11/15	22:29	4012	4013	4011	4012	70.00	242118.00
2016/11/15	22:30	4012	4013	4011	4012	34.00	242118.00
2016/11/15	22:31	4011	4011	4009	4009	426.00	242180.00
2016/11/15	22:32	4011	4011	4008	4009	120.00	242204.00
2016/11/15	22:33	4009	4010	4007	4008	510.00	242244.00
2016/11/15	22:34	4008	4010	4007	4009	264.00	242236.00
2016/11/15	22:35	4011	4013	4009	4012	406.00	242148.00
2016/11/15	22:36	4012	4013	4010	4011	266.00	242160.00
2016/11/15	22:37	4013	4015	4013	4013	566.00	242202.00
2016/11/15	22:38	4014	4015	4012	4013	394.00	242070.00
2016/11/15	22:39	4013	4016	4012	4015	462.00	242014.00
2016/11/15	22:40	4015	4016	4013	4015	208.00	241970.00
2016/11/15	22:41	4016	4020	4015	4018	1110.00	241956.00
2016/11/15	22:42	4018	4018	4015	4018	294.00	241888.00
2016/11/15	22:43	4017	4018	4016	4016	322.00	241718.00
2016/11/15	22:44	4016	4019	4016	4018	358.00	241710.00
2016/11/15	22:45	4019	4024	4017	4022	988.00	241620.00
2016/11/15	22:46	4022	4024	4022	4023	482.00	241626.00
2016/11/15	22:47	4022	4024	4021	4024	598.00	241618.00
2016/11/15	22:48	4023	4025	4022	4022	658.00	241584.00
2016/11/15	22:49	4021	4025	4021	4022	676.00	241424.00
2016/11/15	22:50	4023	4023	4017	4018	636.00	241198.00
2016/11/15	22:51	4019	4023	4019	4022	622.00	241202.00
2016/11/15	22:52	4023	4024	4022	4024	446.00	241198.00
2016/11/15	22:53	4024	4025	4022	4024	512.00	241160.00
2016/11/15	22:54	4023	4024	4022	4024	318.00	241134.00
2016/11/15	22:55	4024	4025	4021	4022	520.00	241148.00
2016/11/15	22:56	4021	4025	4019	4024	674.00	241076.00
2016/11/15	22:57	4023	4027	4023	4025	964.00	240756.00
2016/11/15	22:58	4026	4026	4022	4025	786.00	240736.00
2016/11/15	22:59	4024	4026	4023	4024	318.00	240722.00
2016/11/15	23:00	4025	4026	4022	4022	512.00	240586.00
2016/11/15	23:01	4022	4024	4017	4023	842.00	240648.00
2016/11/15	23:02	4023	4023	4020	4022	214.00	240664.00
2016/11/15	23:03	4021	4023	4020	4022	406.00	240524.00
2016/11/15	23:04	4022	4022	4020	4020	152.00	240528.00
2016/11/15	23:05	4020	4021	4019	4019	174.00	240508.00
2016/11/15	23:06	4020	4023	4020	4022	612.00	240422.00
2016/11/15	23:07	4022	4024	4021	4023	234.00	240434.00
2016/11/15	23:08	4023	4024	4022	4022	176.00	240426.00
2016/11/15	23:09	4024	4024	4019	4022	512.00	240546.00
2016/11/15	23:10	4022	4023	4021	4022	150.00	240550.00
2016/11/15	23:11	4023	4027	4022	4027	808.00	240764.00
2016/11/15	23:12	4027	4029	4027	4029	926.00	240572.00
2016/11/15	23:13	4029	4029	4026	4028	460.00	240730.00
2016/11/15	23:14	4028	4036	4027	4035	2864.00	241020.00
2016/11/15	23:15	4033	4039	4033	4038	1466.00	241046.00
2016/11/15	23:16	4039	4040	4033	4035	1068.00	240958.00
2016/11/15	23:17	4035	4035	4032	4033	682.00	240984.00
2016/11/15	23:18	4033	4034	4029	4030	936.00	241222.00
2016/11/15	23:19	4030	4035	4030	4034	980.00	241194.00
2016/11/15	23:20	4032	4034	4030	4034	514.00	241114.00
2016/11/15	23:21	4033	4034	4029	4030	560.00	241126.00
2016/11/15	23:22	4030	4034	4029	4032	526.00	241178.00
2016/11/15	23:23	4032	4032	4028	4030	420.00	241156.00
2016/11/15	23:24	4031	4031	4028	4031	322.00	241194.00
2016/11/15	23:25	4030	4031	4028	4029	442.00	241226.00
2016/11/15	23:26	4028	4029	4028	4028	674.00	241300.00
2016/11/15	23:27	4029	4029	4026	4028	446.00	241196.00
2016/11/15	23:28	4027	4030	4026	4026	632.00	241176.00
2016/11/15	23:29	4027	4027	4024	4026	802.00	241034.00
2016/11/15	23:30	4025	4027	4025	4027	294.00	241018.00
2016/11/15	23:31	4027	4028	4026	4027	708.00	241066.00
2016/11/15	23:32	4027	4029	4026	4029	346.00	241104.00
2016/11/15	23:33	4029	4030	4028	4029	646.00	241414.00
2016/11/15	23:34	4030	4031	4029	4031	320.00	241350.00
2016/11/15	23:35	4031	4032	4030	4032	488.00	241378.00
2016/11/15	23:36	4032	4032	4030	4030	222.00	241510.00
2016/11/15	23:37	4030	4032	4030	4031	308.00	241632.00
2016/11/15	23:38	4032	4032	4030	4031	404.00	241522.00
2016/11/15	23:39	4031	4031	4030	4031	186.00	241552.00
2016/11/15	23:40	4030	4031	4029	4030	344.00	241460.00
2016/11/15	23:41	4029	4030	4028	4028	244.00	241518.00
2016/11/15	23:42	4029	4030	4027	4030	280.00	241466.00
2016/11/15	23:43	4029	4030	4028	4029	108.00	241460.00
2016/11/15	23:44	4029	4030	4028	4029	144.00	241484.00
2016/11/15	23:45	4029	4030	4029	4030	102.00	241510.00
2016/11/15	23:46	4030	4030	4026	4027	278.00	241512.00
2016/11/15	23:47	4027	4027	4025	4026	384.00	241618.00
2016/11/15	23:48	4025	4026	4024	4025	268.00	241546.00
2016/11/15	23:49	4026	4026	4025	4025	116.00	241550.00
2016/11/15	23:50	4026	4027	4025	4026	146.00	241554.00
2016/11/15	23:51	4027	4029	4026	4028	240.00	241570.00
2016/11/15	23:52	4028	4029	4027	4028	60.00	241590.00
2016/11/15	23:53	4027	4027	4026	4027	164.00	241532.00
2016/11/15	23:54	4026	4027	4022	4022	434.00	241534.00
2016/11/15	23:55	4022	4025	4022	4024	272.00	241562.00
2016/11/15	23:56	4024	4029	4023	4029	528.00	241606.00
2016/11/15	23:57	4027	4029	4027	4028	410.00	241560.00
2016/11/15	23:58	4028	4029	4027	4028	242.00	241518.00
2016/11/15	23:59	4028	4029	4027	4029	282.00	241530.00
2016/11/16	00:00	4028	4029	4027	4028	178.00	241486.00
2016/11/16	00:01	4029	4029	4027	4028	282.00	241426.00
2016/11/16	00:02	4028	4028	4026	4027	188.00	241390.00
2016/11/16	00:03	4027	4027	4023	4025	462.00	241192.00
2016/11/16	00:04	4025	4025	4019	4023	1002.00	241068.00
2016/11/16	00:05	4023	4023	4018	4019	1030.00	241226.00
2016/11/16	00:06	4019	4022	4016	4017	834.00	241310.00
2016/11/16	00:07	4017	4023	4017	4022	472.00	241196.00
2016/11/16	00:08	4021	4023	4020	4023	192.00	241186.00
2016/11/16	00:09	4023	4025	4022	4024	456.00	241130.00
2016/11/16	00:10	4024	4024	4021	4022	254.00	241090.00
2016/11/16	00:11	4023	4024	4021	4024	252.00	241100.00
2016/11/16	00:12	4023	4025	4022	4025	332.00	241266.00
2016/11/16	00:13	4025	4028	4024	4027	816.00	241440.00
2016/11/16	00:14	4027	4029	4026	4027	566.00	241582.00
2016/11/16	00:15	4027	4028	4026	4028	188.00	241646.00
2016/11/16	00:16	4028	4028	4025	4027	174.00	241702.00
2016/11/16	00:17	4026	4029	4026	4028	386.00	241578.00
2016/11/16	00:18	4028	4029	4025	4026	210.00	241568.00
2016/11/16	00:19	4026	4026	4023	4024	198.00	241544.00
2016/11/16	00:20	4024	4026	4023	4026	236.00	241572.00
2016/11/16	00:21	4027	4028	4026	4028	296.00	241596.00
2016/11/16	00:22	4028	4029	4026	4028	258.00	241586.00
2016/11/16	00:23	4028	4029	4028	4028	144.00	241536.00
2016/11/16	00:24	4028	4030	4027	4027	300.00	241476.00
2016/11/16	00:25	4027	4028	4027	4028	110.00	241386.00
2016/11/16	00:26	4027	4031	4027	4031	668.00	241244.00
2016/11/16	00:27	4031	4033	4030	4032	682.00	241072.00
2016/11/16	00:28	4033	4033	4029	4029	336.00	241160.00
2016/11/16	00:29	4030	4031	4027	4029	250.00	241158.00
2016/11/16	00:30	4028	4030	4027	4029	284.00	241206.00
2016/11/16	00:31	4028	4031	4027	4031	382.00	241134.00
2016/11/16	00:32	4031	4031	4029	4030	330.00	241024.00
2016/11/16	00:33	4030	4031	4029	4029	104.00	241052.00
2016/11/16	00:34	4029	4030	4028	4029	156.00	241036.00
2016/11/16	00:35	4029	4029	4027	4029	154.00	241042.00
2016/11/16	00:36	4028	4029	4027	4029	154.00	241034.00
2016/11/16	00:37	4029	4029	4029	4029	42.00	241040.00
2016/11/16	00:38	4029	4031	4028	4030	208.00	241020.00
2016/11/16	00:39	4030	4030	4028	4030	118.00	241058.00
2016/11/16	00:40	4029	4030	4028	4029	120.00	241066.00
2016/11/16	00:41	4030	4030	4028	4028	42.00	241058.00
2016/11/16	00:42	4030	4030	4028	4028	172.00	241054.00
2016/11/16	00:43	4029	4029	4028	4028	130.00	241048.00
2016/11/16	00:44	4028	4029	4027	4027	68.00	241064.00
2016/11/16	00:45	4028	4029	4027	4029	24.00	241070.00
2016/11/16	00:46	4028	4029	4028	4028	56.00	241046.00
2016/11/16	00:47	4029	4030	4028	4028	120.00	241100.00
2016/11/16	00:48	4029	4029	4027	4027	144.00	241110.00
2016/11/16	00:49	4027	4028	4027	4028	162.00	241088.00
2016/11/16	00:50	4027	4028	4027	4027	52.00	241060.00
2016/11/16	00:51	4027	4028	4027	4028	98.00	241086.00
2016/11/16	00:52	4029	4029	4027	4028	144.00	241110.00
2016/11/16	00:53	4029	4029	4024	4026	222.00	241088.00
2016/11/16	00:54	4025	4026	4024	4025	230.00	241178.00
2016/11/16	00:55	4025	4029	4024	4028	292.00	241282.00
2016/11/16	00:56	4027	4028	4026	4026	120.00	241246.00
2016/11/16	00:57	4026	4027	4026	4027	142.00	241270.00
2016/11/16	00:58	4027	4028	4026	4028	14.00	241268.00
2016/11/16	00:59	4026	4027	4025	4026	188.00	241300.00
2016/11/16	01:00	4027	4028	4027	4027	100.00	241280.00
2016/11/16	01:01	4027	4028	4026	4028	258.00	241458.00
2016/11/16	01:02	4028	4029	4028	4029	240.00	241532.00
2016/11/16	01:03	4029	4029	4026	4027	194.00	241624.00
2016/11/16	01:04	4027	4027	4026	4027	94.00	241626.00
2016/11/16	01:05	4027	4028	4027	4027	70.00	241666.00
2016/11/16	01:06	4027	4027	4026	4027	68.00	241682.00
2016/11/16	01:07	4027	4027	4027	4027	90.00	241708.00
2016/11/16	01:08	4027	4027	4026	4026	16.00	241702.00
2016/11/16	01:09	4026	4026	4026	4026	26.00	241710.00
2016/11/16	01:10	4026	4027	4026	4026	60.00	241704.00
2016/11/16	01:11	4026	4026	4025	4026	56.00	241708.00
2016/11/16	01:12	4027	4027	4026	4027	274.00	241860.00
2016/11/16	01:13	4026	4027	4026	4027	66.00	241840.00
2016/11/16	01:14	4027	4027	4026	4026	46.00	241842.00
2016/11/16	01:15	4026	4027	4025	4027	98.00	241844.00
2016/11/16	01:16	4026	4026	4026	4026	28.00	241850.00
2016/11/16	01:17	4027	4028	4027	4028	62.00	241832.00
2016/11/16	01:18	4028	4028	4026	4026	128.00	241822.00
2016/11/16	01:19	4026	4026	4025	4026	42.00	241822.00
2016/11/16	01:20	4026	4027	4025	4027	132.00	241840.00
2016/11/16	01:21	4027	4027	4026	4027	12.00	241832.00
2016/11/16	01:22	4026	4026	4025	4025	38.00	241808.00
2016/11/16	01:23	4025	4025	4025	4025	0.00	241808.00
2016/11/16	01:24	4026	4026	4026	4026	34.00	241808.00
2016/11/16	01:25	4026	4026	4025	4026	58.00	241780.00
2016/11/16	01:26	4025	4026	4025	4026	132.00	241760.00
2016/11/16	01:27	4026	4026	4025	4025	182.00	241826.00
2016/11/16	01:28	4026	4027	4026	4027	52.00	241850.00
2016/11/16	01:29	4026	4026	4026	4026	116.00	241886.00
2016/11/16	01:30	4025	4025	4021	4022	388.00	241668.00
2016/11/16	01:31	4021	4024	4021	4023	222.00	241704.00
2016/11/16	01:32	4023	4024	4023	4023	44.00	241706.00
2016/11/16	01:33	4024	4024	4024	4024	116.00	241762.00
2016/11/16	01:34	4024	4025	4022	4023	114.00	241726.00
2016/11/16	01:35	4023	4024	4023	4024	14.00	241738.00
2016/11/16	01:36	4023	4024	4023	4024	20.00	241742.00
2016/11/16	01:37	4024	4024	4024	4024	114.00	241768.00
2016/11/16	01:38	4023	4023	4023	4023	24.00	241764.00
2016/11/16	01:39	4023	4024	4023	4023	32.00	241762.00
2016/11/16	01:40	4024	4025	4024	4025	176.00	241762.00
2016/11/16	01:41	4024	4024	4023	4023	78.00	241752.00
2016/11/16	01:42	4023	4023	4021	4021	128.00	241814.00
2016/11/16	01:43	4021	4025	4021	4025	212.00	241854.00
2016/11/16	01:44	4025	4025	4025	4025	24.00	241868.00
2016/11/16	01:45	4024	4026	4024	4025	178.00	241938.00
2016/11/16	01:46	4026	4027	4025	4025	290.00	241912.00
2016/11/16	01:47	4026	4026	4026	4026	14.00	241920.00
2016/11/16	01:48	4026	4026	4025	4026	10.00	241914.00
2016/11/16	01:49	4025	4025	4025	4025	88.00	241838.00
2016/11/16	01:50	4025	4025	4025	4025	48.00	241838.00
2016/11/16	01:51	4026	4026	4025	4025	20.00	241836.00
2016/11/16	01:52	4025	4025	4025	4025	0.00	241836.00
2016/11/16	01:53	4024	4025	4024	4024	36.00	241844.00
2016/11/16	01:54	4024	4025	4024	4025	14.00	241842.00
2016/11/16	01:55	4025	4025	4025	4025	22.00	241850.00
2016/11/16	01:56	4025	4025	4023	4024	86.00	241846.00
2016/11/16	01:57	4023	4024	4023	4023	70.00	241836.00
2016/11/16	01:58	4023	4025	4023	4024	68.00	241822.00
2016/11/16	01:59	4024	4024	4024	4024	14.00	241820.00
2016/11/16	02:00	4024	4025	4024	4025	126.00	241846.00
2016/11/16	02:01	4024	4026	4024	4025	22.00	241844.00
2016/11/16	02:02	4026	4026	4023	4024	210.00	241886.00
2016/11/16	02:03	4024	4025	4024	4024	58.00	241862.00
2016/11/16	02:04	4023	4024	4023	4024	18.00	241854.00
2016/11/16	02:05	4024	4024	4024	4024	18.00	241858.00
2016/11/16	02:06	4024	4024	4024	4024	2.00	241858.00
2016/11/16	02:07	4024	4024	4023	4024	38.00	241834.00
2016/11/16	02:08	4023	4024	4023	4024	32.00	241834.00
2016/11/16	02:09	4024	4024	4023	4024	24.00	241836.00
2016/11/16	02:10	4024	4024	4023	4024	16.00	241832.00
2016/11/16	02:11	4023	4023	4023	4023	48.00	241838.00
2016/11/16	02:12	4022	4023	4022	4023	8.00	241840.00
2016/11/16	02:13	4023	4024	4022	4024	54.00	241830.00
2016/11/16	02:14	4024	4025	4023	4024	60.00	241816.00
2016/11/16	02:15	4024	4025	4024	4025	22.00	241802.00
2016/11/16	02:16	4025	4025	4023	4023	14.00	241796.00
2016/11/16	02:17	4023	4024	4022	4024	196.00	241676.00
2016/11/16	02:18	4025	4026	4022	4025	88.00	241640.00
2016/11/16	02:19	4026	4027	4026	4027	104.00	241646.00
2016/11/16	02:20	4026	4026	4025	4025	34.00	241632.00
2016/11/16	02:21	4026	4026	4024	4025	68.00	241598.00
2016/11/16	02:22	4025	4025	4025	4025	16.00	241596.00
2016/11/16	02:23	4025	4025	4024	4024	42.00	241580.00
2016/11/16	02:24	4024	4024	4023	4023	32.00	241562.00
2016/11/16	02:25	4023	4024	4023	4023	64.00	241522.00
2016/11/16	02:26	4023	4023	4021	4022	142.00	241462.00
2016/11/16	02:27	4022	4023	4022	4023	40.00	241454.00
2016/11/16	02:28	4022	4023	4019	4022	220.00	241426.00
2016/11/16	02:29	4020	4022	4019	4019	162.00	241338.00
2016/11/16	02:30	4021	4022	4020	4020	118.00	241312.00
2016/11/16	09:01	4026	4031	4026	4030	1292.00	241056.00
2016/11/16	09:02	4030	4032	4027	4029	634.00	240972.00
2016/11/16	09:03	4028	4030	4028	4029	884.00	240568.00
2016/11/16	09:04	4029	4030	4028	4029	524.00	240352.00
2016/11/16	09:05	4029	4031	4028	4031	408.00	240214.00
2016/11/16	09:06	4030	4032	4030	4032	470.00	240102.00
2016/11/16	09:07	4031	4032	4028	4028	654.00	239890.00
2016/11/16	09:08	4029	4030	4028	4029	410.00	239800.00
2016/11/16	09:09	4030	4030	4027	4028	336.00	239794.00
2016/11/16	09:10	4027	4030	4027	4030	466.00	239670.00
2016/11/16	09:11	4030	4032	4030	4032	384.00	239700.00
2016/11/16	09:12	4032	4035	4032	4034	908.00	239926.00
2016/11/16	09:13	4034	4035	4031	4032	308.00	239978.00
2016/11/16	09:14	4032	4033	4031	4033	178.00	239986.00
2016/11/16	09:15	4032	4035	4032	4034	290.00	240024.00
2016/11/16	09:16	4035	4036	4034	4035	744.00	239886.00
2016/11/16	09:17	4035	4035	4030	4030	888.00	239842.00
2016/11/16	09:18	4030	4031	4028	4030	562.00	239866.00
2016/11/16	09:19	4030	4032	4029	4030	362.00	239968.00
2016/11/16	09:20	4029	4032	4028	4030	354.00	239946.00
2016/11/16	09:21	4030	4031	4028	4029	404.00	239978.00
2016/11/16	09:22	4029	4032	4028	4032	228.00	239902.00
2016/11/16	09:23	4030	4031	4029	4029	404.00	239960.00
2016/11/16	09:24	4030	4031	4029	4031	170.00	239888.00
2016/11/16	09:25	4031	4031	4030	4030	222.00	239788.00
2016/11/16	09:26	4030	4031	4030	4030	112.00	239710.00
2016/11/16	09:27	4031	4032	4028	4030	490.00	239810.00
2016/11/16	09:28	4031	4031	4030	4030	44.00	239828.00
2016/11/16	09:29	4031	4032	4030	4031	570.00	239846.00
2016/11/16	09:30	4032	4034	4031	4033	468.00	239760.00
2016/11/16	09:31	4034	4042	4033	4038	2938.00	239796.00
2016/11/16	09:32	4037	4041	4037	4039	636.00	239950.00
2016/11/16	09:33	4040	4045	4039	4044	1320.00	239954.00
2016/11/16	09:34	4044	4045	4037	4038	996.00	239836.00
2016/11/16	09:35	4038	4040	4037	4038	442.00	239940.00
2016/11/16	09:36	4040	4040	4038	4040	192.00	239912.00
2016/11/16	09:37	4040	4041	4039	4040	126.00	239900.00
2016/11/16	09:38	4039	4040	4037	4038	370.00	239944.00
2016/11/16	09:39	4037	4044	4037	4041	554.00	239820.00
2016/11/16	09:40	4041	4044	4041	4042	374.00	239766.00
2016/11/16	09:41	4042	4043	4041	4041	266.00	239764.00
2016/11/16	09:42	4042	4045	4041	4045	304.00	239728.00
2016/11/16	09:43	4045	4045	4043	4044	336.00	239822.00
2016/11/16	09:44	4044	4046	4043	4046	478.00	239900.00
2016/11/16	09:45	4046	4046	4044	4044	326.00	239930.00
2016/11/16	09:46	4045	4050	4044	4050	1026.00	240256.00
2016/11/16	09:47	4049	4050	4047	4048	594.00	240416.00
2016/11/16	09:48	4048	4048	4046	4047	362.00	240432.00
2016/11/16	09:49	4046	4046	4043	4044	300.00	240376.00
2016/11/16	09:50	4044	4046	4044	4045	268.00	240258.00
2016/11/16	09:51	4044	4045	4043	4043	168.00	240264.00
2016/11/16	09:52	4043	4043	4039	4040	828.00	240148.00
2016/11/16	09:53	4040	4041	4038	4040	322.00	240128.00
2016/11/16	09:54	4040	4041	4039	4041	170.00	240092.00
2016/11/16	09:55	4041	4041	4039	4040	186.00	240018.00
2016/11/16	09:56	4041	4042	4040	4041	270.00	240048.00
2016/11/16	09:57	4042	4042	4040	4041	392.00	239970.00
2016/11/16	09:58	4041	4042	4040	4041	112.00	239976.00
2016/11/16	09:59	4041	4041	4040	4040	124.00	239922.00
2016/11/16	10:00	4041	4041	4040	4041	92.00	239870.00
2016/11/16	10:01	4041	4042	4040	4042	648.00	240016.00
2016/11/16	10:02	4041	4042	4040	4042	330.00	240170.00
2016/11/16	10:03	4041	4044	4041	4043	158.00	240210.00
2016/11/16	10:04	4044	4044	4042	4043	168.00	240228.00
2016/11/16	10:05	4043	4043	4042	4043	66.00	240248.00
2016/11/16	10:06	4043	4045	4042	4044	144.00	240252.00
2016/11/16	10:07	4045	4046	4044	4045	168.00	240298.00
2016/11/16	10:08	4045	4046	4044	4044	232.00	240358.00
2016/11/16	10:09	4045	4045	4044	4044	102.00	240352.00
2016/11/16	10:10	4044	4045	4043	4044	212.00	240356.00
2016/11/16	10:11	4044	4046	4044	4045	130.00	240370.00
2016/11/16	10:12	4044	4045	4043	4044	116.00	240366.00
2016/11/16	10:13	4044	4046	4044	4045	142.00	240390.00
2016/11/16	10:14	4046	4046	4045	4046	62.00	240376.00
2016/11/16	10:15	4046	4046	4045	4046	422.00	240264.00
2016/11/16	10:31	4042	4042	4040	4040	1252.00	240184.00
2016/11/16	10:32	4042	4042	4038	4038	652.00	239970.00
2016/11/16	10:33	4039	4040	4038	4040	446.00	239820.00
2016/11/16	10:34	4040	4041	4039	4040	134.00	239784.00
2016/11/16	10:35	4041	4042	4040	4042	254.00	239630.00
2016/11/16	10:36	4041	4042	4040	4040	382.00	239714.00
2016/11/16	10:37	4041	4042	4040	4041	130.00	239716.00
2016/11/16	10:38	4041	4043	4040	4043	230.00	239734.00
2016/11/16	10:39	4043	4044	4042	4044	278.00	239630.00
2016/11/16	10:40	4044	4044	4042	4042	274.00	239692.00
2016/11/16	10:41	4042	4042	4041	4042	198.00	239686.00
2016/11/16	10:42	4042	4043	4042	4042	350.00	239642.00
2016/11/16	10:43	4041	4042	4041	4042	274.00	239688.00
2016/11/16	10:44	4042	4042	4040	4041	194.00	239634.00
2016/11/16	10:45	4041	4041	4040	4040	76.00	239652.00
2016/11/16	10:46	4041	4041	4040	4040	252.00	239522.00
2016/11/16	10:47	4040	4042	4040	4042	238.00	239476.00
2016/11/16	10:48	4041	4042	4041	4042	32.00	239466.00
2016/11/16	10:49	4042	4042	4040	4041	202.00	239382.00
2016/11/16	10:50	4041	4044	4041	4043	534.00	239592.00
2016/11/16	10:51	4043	4043	4041	4042	132.00	239546.00
2016/11/16	10:52	4042	4045	4042	4044	516.00	239414.00
2016/11/16	10:53	4043	4043	4041	4041	60.00	239406.00
2016/11/16	10:54	4042	4043	4041	4043	394.00	239366.00
2016/11/16	10:55	4041	4041	4040	4041	108.00	239370.00
2016/11/16	10:56	4040	4041	4040	4041	88.00	239384.00
2016/11/16	10:57	4042	4042	4041	4042	40.00	239374.00
2016/11/16	10:58	4042	4042	4041	4041	58.00	239350.00
2016/11/16	10:59	4041	4042	4040	4041	144.00	239296.00
2016/11/16	11:00	4042	4042	4039	4039	454.00	239632.00
2016/11/16	11:01	4040	4040	4039	4040	428.00	239792.00
2016/11/16	11:02	4040	4041	4039	4039	278.00	239720.00
2016/11/16	11:03	4039	4040	4039	4040	180.00	239632.00
2016/11/16	11:04	4040	4040	4038	4039	708.00	239482.00
2016/11/16	11:05	4038	4039	4036	4037	516.00	239556.00
2016/11/16	11:06	4037	4039	4036	4037	646.00	239518.00
2016/11/16	11:07	4038	4038	4036	4037	100.00	239538.00
2016/11/16	11:08	4037	4037	4036	4037	198.00	239382.00
2016/11/16	11:09	4037	4038	4037	4037	30.00	239384.00
2016/11/16	11:10	4037	4038	4036	4038	218.00	239352.00
2016/11/16	11:11	4036	4038	4036	4038	382.00	239230.00
2016/11/16	11:12	4038	4039	4037	4039	156.00	239216.00
2016/11/16	11:13	4039	4039	4037	4037	68.00	239194.00
2016/11/16	11:14	4038	4038	4037	4037	170.00	239194.00
2016/11/16	11:15	4037	4037	4034	4034	406.00	239022.00
2016/11/16	11:16	4035	4036	4034	4036	456.00	238734.00
2016/11/16	11:17	4036	4037	4035	4037	540.00	238830.00
2016/11/16	11:18	4038	4038	4037	4038	96.00	238768.00
2016/11/16	11:19	4038	4039	4038	4038	128.00	238686.00
2016/11/16	11:20	4038	4039	4037	4037	222.00	238718.00
2016/11/16	11:21	4037	4038	4037	4037	70.00	238706.00
2016/11/16	11:22	4037	4038	4036	4037	294.00	238600.00
2016/11/16	11:23	4038	4038	4038	4038	8.00	238606.00
2016/11/16	11:24	4038	4038	4037	4038	42.00	238604.00
2016/11/16	11:25	4037	4038	4036	4037	126.00	238652.00
2016/11/16	11:26	4037	4038	4036	4038	42.00	238636.00
2016/11/16	11:27	4038	4038	4037	4037	14.00	238638.00
2016/11/16	11:28	4038	4038	4036	4036	82.00	238592.00
2016/11/16	11:29	4036	4037	4036	4037	88.00	238550.00
2016/11/16	11:30	4036	4037	4034	4034	182.00	238476.00
2016/11/16	13:31	4032	4032	4028	4032	1816.00	237974.00
2016/11/16	13:32	4032	4036	4031	4033	634.00	237988.00
2016/11/16	13:33	4033	4034	4033	4033	338.00	237828.00
2016/11/16	13:34	4033	4035	4032	4035	270.00	237748.00
2016/11/16	13:35	4035	4035	4033	4034	146.00	237728.00
2016/11/16	13:36	4034	4035	4033	4035	76.00	237742.00
2016/11/16	13:37	4034	4035	4033	4035	358.00	237516.00
2016/11/16	13:38	4035	4035	4034	4035	86.00	237554.00
2016/11/16	13:39	4035	4036	4035	4035	136.00	237510.00
2016/11/16	13:40	4035	4037	4035	4037	264.00	237466.00
2016/11/16	13:41	4036	4037	4035	4035	226.00	237446.00
2016/11/16	13:42	4036	4038	4036	4037	176.00	237410.00
2016/11/16	13:43	4036	4036	4035	4035	82.00	237406.00
2016/11/16	13:44	4035	4036	4034	4034	376.00	237276.00
2016/11/16	13:45	4035	4035	4033	4034	372.00	237100.00
2016/11/16	13:46	4034	4035	4033	4034	264.00	237062.00
2016/11/16	13:47	4034	4035	4034	4034	78.00	237002.00
2016/11/16	13:48	4035	4035	4034	4034	48.00	236974.00
2016/11/16	13:49	4034	4035	4033	4034	234.00	236928.00
2016/11/16	13:50	4034	4035	4034	4034	12.00	236920.00
2016/11/16	13:51	4035	4035	4034	4035	122.00	236878.00
2016/11/16	13:52	4035	4036	4034	4035	338.00	236674.00
2016/11/16	13:53	4036	4038	4035	4038	292.00	236628.00
2016/11/16	13:54	4037	4038	4034	4036	1428.00	236454.00
2016/11/16	13:55	4035	4038	4035	4038	258.00	236320.00
2016/11/16	13:56	4037	4039	4037	4038	80.00	236318.00
2016/11/16	13:57	4039	4041	4038	4040	266.00	236306.00
2016/11/16	13:58	4039	4040	4037	4039	218.00	236288.00
2016/11/16	13:59	4039	4039	4037	4038	60.00	236306.00
2016/11/16	14:00	4037	4038	4037	4037	28.00	236300.00
2016/11/16	14:01	4037	4038	4037	4037	218.00	236198.00
2016/11/16	14:02	4037	4038	4037	4037	194.00	236214.00
2016/11/16	14:03	4037	4039	4037	4038	404.00	235962.00
2016/11/16	14:04	4038	4039	4038	4038	80.00	235912.00
2016/11/16	14:05	4039	4039	4038	4039	14.00	235918.00
2016/11/16	14:06	4038	4038	4037	4037	90.00	235892.00
2016/11/16	14:07	4037	4037	4036	4037	218.00	235772.00
2016/11/16	14:08	4037	4037	4036	4036	56.00	235730.00
2016/11/16	14:09	4037	4037	4035	4035	322.00	235522.00
2016/11/16	14:10	4035	4036	4035	4036	74.00	235512.00
2016/11/16	14:11	4035	4036	4035	4035	70.00	235512.00
2016/11/16	14:12	4035	4036	4035	4035	226.00	235534.00
2016/11/16	14:13	4036	4038	4036	4037	144.00	235474.00
2016/11/16	14:14	4037	4039	4037	4039	340.00	235200.00
2016/11/16	14:15	4039	4039	4038	4039	172.00	235122.00
2016/11/16	14:16	4039	4040	4038	4038	164.00	235078.00
2016/11/16	14:17	4040	4040	4038	4038	308.00	234930.00
2016/11/16	14:18	4039	4040	4039	4039	100.00	234888.00
2016/11/16	14:19	4040	4040	4037	4037	466.00	234666.00
2016/11/16	14:20	4038	4039	4038	4038	90.00	234694.00
2016/11/16	14:21	4038	4039	4038	4039	38.00	234688.00
2016/11/16	14:22	4039	4039	4038	4039	138.00	234652.00
2016/11/16	14:23	4038	4039	4038	4039	20.00	234656.00
2016/11/16	14:24	4039	4039	4038	4039	94.00	234656.00
2016/11/16	14:25	4039	4039	4038	4038	190.00	234572.00
2016/11/16	14:26	4038	4038	4038	4038	74.00	234550.00
2016/11/16	14:27	4038	4039	4037	4037	144.00	234504.00
2016/11/16	14:28	4038	4038	4037	4037	40.00	234480.00
2016/11/16	14:29	4039	4041	4038	4040	652.00	234300.00
2016/11/16	14:30	4040	4044	4040	4042	690.00	234246.00
2016/11/16	14:31	4041	4044	4041	4042	472.00	234260.00
2016/11/16	14:32	4041	4042	4040	4041	604.00	233924.00
2016/11/16	14:33	4040	4041	4039	4039	174.00	233888.00
2016/11/16	14:34	4040	4040	4038	4038	250.00	233988.00
2016/11/16	14:35	4038	4039	4037	4039	388.00	233912.00
2016/11/16	14:36	4038	4041	4038	4040	282.00	233858.00
2016/11/16	14:37	4041	4041	4040	4040	180.00	233880.00
2016/11/16	14:38	4039	4040	4039	4040	124.00	233870.00
2016/11/16	14:39	4040	4040	4038	4038	242.00	233832.00
2016/11/16	14:40	4038	4038	4037	4037	196.00	233776.00
2016/11/16	14:41	4037	4038	4035	4037	280.00	233610.00
2016/11/16	14:42	4038	4038	4036	4037	92.00	233592.00
2016/11/16	14:43	4037	4038	4036	4037	300.00	233600.00
2016/11/16	14:44	4037	4037	4036	4036	40.00	233596.00
2016/11/16	14:45	4037	4037	4036	4036	248.00	233430.00
2016/11/16	14:46	4036	4037	4036	4036	206.00	233328.00
2016/11/16	14:47	4036	4037	4036	4036	154.00	233218.00
2016/11/16	14:48	4037	4037	4036	4036	100.00	233204.00
2016/11/16	14:49	4035	4036	4033	4034	240.00	233240.00
2016/11/16	14:50	4034	4035	4033	4034	286.00	233180.00
2016/11/16	14:51	4034	4036	4034	4036	376.00	233020.00
2016/11/16	14:52	4035	4036	4034	4035	106.00	232960.00
2016/11/16	14:53	4036	4037	4034	4036	608.00	232822.00
2016/11/16	14:54	4035	4037	4035	4036	92.00	232832.00
2016/11/16	14:55	4035	4036	4034	4035	244.00	232784.00
2016/11/16	14:56	4034	4035	4033	4033	314.00	232606.00
2016/11/16	14:57	4034	4034	4031	4031	592.00	232666.00
2016/11/16	14:58	4031	4034	4031	4033	308.00	232550.00
2016/11/16	14:59	4033	4034	4031	4033	210.00	232528.00
2016/11/16	15:00	4033	4034	4031	4034	896.00	232158.00
2016/11/16	21:01	4023	4028	4021	4024	2042.00	232318.00
2016/11/16	21:02	4024	4024	4018	4022	1382.00	232120.00
2016/11/16	21:03	4022	4024	4021	4024	536.00	232018.00
2016/11/16	21:04	4024	4026	4023	4025	566.00	232118.00
2016/11/16	21:05	4024	4024	4022	4022	558.00	232292.00
2016/11/16	21:06	4022	4024	4021	4024	288.00	232398.00
2016/11/16	21:07	4024	4024	4021	4023	442.00	232458.00
2016/11/16	21:08	4021	4021	4020	4021	490.00	232518.00
2016/11/16	21:09	4020	4022	4020	4021	260.00	232554.00
2016/11/16	21:10	4021	4021	4020	4020	240.00	232534.00
2016/11/16	21:11	4020	4022	4019	4022	378.00	232508.00
2016/11/16	21:12	4022	4024	4021	4023	360.00	232524.00
2016/11/16	21:13	4021	4022	4018	4019	792.00	232440.00
2016/11/16	21:14	4019	4020	4018	4019	434.00	232504.00
2016/11/16	21:15	4020	4021	4019	4020	274.00	232482.00
2016/11/16	21:16	4020	4023	4019	4023	368.00	232542.00
2016/11/16	21:17	4023	4024	4022	4022	1030.00	232812.00
2016/11/16	21:18	4023	4025	4022	4025	88.00	232814.00
2016/11/16	21:19	4025	4028	4024	4027	426.00	232852.00
2016/11/16	21:20	4027	4028	4026	4028	248.00	232862.00
2016/11/16	21:21	4027	4027	4025	4026	120.00	232888.00
2016/11/16	21:22	4026	4029	4026	4029	192.00	232872.00
2016/11/16	21:23	4028	4030	4028	4028	356.00	232832.00
2016/11/16	21:24	4029	4029	4026	4027	314.00	232866.00
2016/11/16	21:25	4028	4028	4025	4026	294.00	232922.00
2016/11/16	21:26	4026	4028	4024	4028	324.00	232906.00
2016/11/16	21:27	4028	4029	4027	4027	78.00	232890.00
2016/11/16	21:28	4027	4029	4027	4029	98.00	232854.00
2016/11/16	21:29	4029	4029	4026	4028	306.00	232894.00
2016/11/16	21:30	4029	4029	4027	4027	248.00	232824.00
2016/11/16	21:31	4027	4034	4027	4032	1238.00	232718.00
2016/11/16	21:32	4033	4035	4029	4029	790.00	232694.00
2016/11/16	21:33	4028	4032	4026	4030	654.00	232690.00
2016/11/16	21:34	4030	4032	4029	4030	146.00	232756.00
2016/11/16	21:35	4029	4029	4025	4028	728.00	232726.00
2016/11/16	21:36	4028	4030	4026	4030	374.00	232648.00
2016/11/16	21:37	4030	4033	4030	4032	384.00	232490.00
2016/11/16	21:38	4032	4032	4029	4029	278.00	232414.00
2016/11/16	21:39	4028	4032	4027	4032	358.00	232448.00
2016/11/16	21:40	4031	4034	4031	4032	390.00	232466.00
2016/11/16	21:41	4032	4033	4031	4031	146.00	232442.00
2016/11/16	21:42	4031	4032	4029	4029	178.00	232440.00
2016/11/16	21:43	4030	4031	4029	4030	182.00	232458.00
2016/11/16	21:44	4030	4032	4029	4032	212.00	232402.00
2016/11/16	21:45	4033	4033	4028	4028	152.00	232414.00
2016/11/16	21:46	4029	4029	4027	4028	306.00	232394.00
2016/11/16	21:47	4027	4029	4027	4028	204.00	232310.00
2016/11/16	21:48	4028	4032	4027	4029	244.00	232324.00
2016/11/16	21:49	4029	4030	4028	4030	118.00	232328.00
2016/11/16	21:50	4029	4032	4029	4031	222.00	232352.00
2016/11/16	21:51	4031	4032	4028	4030	232.00	232380.00
2016/11/16	21:52	4031	4031	4030	4030	128.00	232374.00
2016/11/16	21:53	4031	4033	4029	4032	136.00	232396.00
2016/11/16	21:54	4032	4034	4031	4034	286.00	232440.00
2016/11/16	21:55	4034	4034	4031	4032	386.00	232334.00
2016/11/16	21:56	4032	4033	4031	4032	530.00	232216.00
2016/11/16	21:57	4032	4032	4031	4032	68.00	232246.00
2016/11/16	21:58	4032	4033	4029	4029	292.00	232264.00
2016/11/16	21:59	4030	4031	4029	4030	186.00	232258.00
2016/11/16	22:00	4030	4031	4028	4029	210.00	232284.00
2016/11/16	22:01	4030	4033	4030	4031	212.00	232182.00
2016/11/16	22:02	4031	4032	4031	4031	182.00	232096.00
2016/11/16	22:03	4031	4033	4031	4033	198.00	231980.00
2016/11/16	22:04	4032	4032	4031	4031	114.00	231982.00
2016/11/16	22:05	4032	4032	4031	4032	80.00	231944.00
2016/11/16	22:06	4031	4032	4030	4031	66.00	231906.00
2016/11/16	22:07	4031	4031	4030	4030	100.00	231880.00
2016/11/16	22:08	4030	4030	4029	4030	84.00	231860.00
2016/11/16	22:09	4030	4031	4029	4029	48.00	231862.00
2016/11/16	22:10	4029	4030	4028	4030	146.00	231812.00
2016/11/16	22:11	4029	4032	4028	4031	210.00	231738.00
2016/11/16	22:12	4030	4031	4030	4030	122.00	231686.00
2016/11/16	22:13	4031	4031	4030	4031	28.00	231670.00
2016/11/16	22:14	4031	4032	4031	4031	104.00	231636.00
2016/11/16	22:15	4032	4032	4030	4031	134.00	231600.00
2016/11/16	22:16	4031	4034	4031	4033	456.00	231652.00
2016/11/16	22:17	4033	4033	4032	4032	100.00	231612.00
2016/11/16	22:18	4032	4033	4029	4030	360.00	231548.00
2016/11/16	22:19	4030	4030	4029	4029	70.00	231560.00
2016/11/16	22:20	4029	4030	4028	4029	136.00	231588.00
2016/11/16	22:21	4029	4031	4028	4030	332.00	231592.00
2016/11/16	22:22	4030	4030	4030	4030	40.00	231602.00
2016/11/16	22:23	4030	4032	4030	4032	134.00	231588.00
2016/11/16	22:24	4031	4035	4031	4034	356.00	231500.00
2016/11/16	22:25	4034	4035	4032	4033	234.00	231522.00
2016/11/16	22:26	4033	4035	4033	4034	148.00	231534.00
2016/11/16	22:27	4034	4035	4033	4033	124.00	231562.00
2016/11/16	22:28	4033	4034	4032	4033	216.00	231576.00
2016/11/16	22:29	4033	4035	4033	4034	120.00	231562.00
2016/11/16	22:30	4034	4036	4034	4036	150.00	231570.00
2016/11/16	22:31	4034	4035	4032	4032	240.00	231568.00
2016/11/16	22:32	4033	4035	4032	4033	250.00	231532.00
2016/11/16	22:33	4033	4033	4031	4033	182.00	231546.00
2016/11/16	22:34	4032	4032	4031	4032	70.00	231556.00
2016/11/16	22:35	4031	4032	4030	4031	122.00	231498.00
2016/11/16	22:36	4030	4031	4029	4030	124.00	231488.00
2016/11/16	22:37	4031	4032	4030	4030	64.00	231466.00
2016/11/16	22:38	4030	4031	4029	4029	78.00	231466.00
2016/11/16	22:39	4029	4032	4029	4032	102.00	231438.00
2016/11/16	22:40	4032	4033	4031	4032	154.00	231424.00
2016/11/16	22:41	4030	4032	4030	4031	16.00	231428.00
2016/11/16	22:42	4031	4031	4031	4031	78.00	231392.00
2016/11/16	22:43	4031	4031	4028	4029	246.00	231324.00
2016/11/16	22:44	4029	4030	4029	4030	112.00	231332.00
2016/11/16	22:45	4029	4030	4028	4029	36.00	231320.00
2016/11/16	22:46	4028	4028	4022	4025	874.00	231374.00
2016/11/16	22:47	4024	4027	4023	4027	310.00	231388.00
2016/11/16	22:48	4026	4029	4026	4028	206.00	231452.00
2016/11/16	22:49	4027	4028	4025	4025	254.00	231536.00
2016/11/16	22:50	4025	4026	4025	4026	198.00	231484.00
2016/11/16	22:51	4026	4027	4024	4024	66.00	231512.00
2016/11/16	22:52	4024	4025	4022	4022	766.00	231472.00
2016/11/16	22:53	4022	4023	4020	4020	512.00	231450.00
2016/11/16	22:54	4022	4024	4021	4024	202.00	231428.00
2016/11/16	22:55	4024	4024	4022	4023	322.00	231438.00
2016/11/16	22:56	4023	4027	4022	4025	252.00	231322.00
2016/11/16	22:57	4024	4024	4021	4021	300.00	231360.00
2016/11/16	22:58	4023	4023	4021	4023	280.00	231250.00
2016/11/16	22:59	4023	4024	4021	4021	138.00	231250.00
2016/11/16	23:00	4023	4024	4021	4022	100.00	231300.00
2016/11/16	23:01	4022	4025	4022	4025	206.00	231328.00
2016/11/16	23:02	4025	4029	4025	4028	452.00	231296.00
2016/11/16	23:03	4027	4028	4026	4027	86.00	231290.00
2016/11/16	23:04	4027	4028	4026	4027	230.00	231318.00
2016/11/16	23:05	4027	4028	4026	4028	146.00	231334.00
2016/11/16	23:06	4027	4027	4023	4025	268.00	231406.00
2016/11/16	23:07	4023	4025	4023	4025	144.00	231380.00
2016/11/16	23:08	4025	4025	4023	4024	116.00	231420.00
2016/11/16	23:09	4023	4024	4022	4023	212.00	231538.00
2016/11/16	23:10	4024	4024	4022	4023	136.00	231608.00
2016/11/16	23:11	4023	4026	4022	4025	190.00	231626.00
2016/11/16	23:12	4025	4028	4024	4027	210.00	231642.00
2016/11/16	23:13	4028	4031	4027	4028	502.00	231648.00
2016/11/16	23:14	4028	4029	4027	4029	134.00	231676.00
2016/11/16	23:15	4028	4030	4028	4028	96.00	231672.00
2016/11/16	23:16	4028	4029	4026	4026	98.00	231648.00
2016/11/16	23:17	4026	4027	4024	4024	196.00	231698.00
2016/11/16	23:18	4023	4026	4023	4024	306.00	231704.00
2016/11/16	23:19	4023	4025	4023	4024	306.00	231832.00
2016/11/16	23:20	4024	4025	4023	4024	194.00	231816.00
2016/11/16	23:21	4024	4024	4022	4024	564.00	231974.00
2016/11/16	23:22	4024	4024	4020	4021	646.00	232158.00
2016/11/16	23:23	4021	4024	4021	4023	256.00	232164.00
2016/11/16	23:24	4023	4024	4022	4022	324.00	232166.00
2016/11/16	23:25	4023	4023	4021	4022	172.00	232216.00
2016/11/16	23:26	4022	4022	4020	4022	606.00	232242.00
2016/11/16	23:27	4021	4022	4020	4021	702.00	232296.00
2016/11/16	23:28	4021	4021	4018	4018	752.00	232462.00
2016/11/16	23:29	4018	4020	4018	4018	1036.00	232730.00
2016/11/16	23:30	4019	4022	4018	4021	270.00	232814.00
2016/11/16	23:31	4021	4023	4020	4022	522.00	232954.00
2016/11/16	23:32	4021	4025	4021	4024	564.00	232924.00
2016/11/16	23:33	4024	4024	4022	4023	442.00	232768.00
2016/11/16	23:34	4023	4023	4021	4021	396.00	232900.00
2016/11/16	23:35	4021	4022	4020	4020	360.00	233022.00
2016/11/16	23:36	4021	4022	4020	4021	212.00	233048.00
2016/11/16	23:37	4022	4023	4020	4023	98.00	233034.00
2016/11/16	23:38	4023	4024	4022	4024	224.00	233008.00
2016/11/16	23:39	4023	4024	4022	4022	200.00	232988.00
2016/11/16	23:40	4023	4023	4021	4022	178.00	233000.00
2016/11/16	23:41	4022	4022	4020	4020	192.00	233012.00
2016/11/16	23:42	4020	4022	4020	4021	254.00	233090.00
2016/11/16	23:43	4020	4022	4020	4021	52.00	233098.00
2016/11/16	23:44	4022	4022	4021	4022	180.00	233104.00
2016/11/16	23:45	4022	4023	4022	4022	78.00	233096.00
2016/11/16	23:46	4021	4022	4020	4021	276.00	233136.00
2016/11/16	23:47	4021	4022	4020	4021	134.00	233132.00
2016/11/16	23:48	4022	4022	4020	4022	314.00	233150.00
2016/11/16	23:49	4021	4022	4021	4022	76.00	233142.00
2016/11/16	23:50	4021	4022	4021	4022	106.00	233102.00
2016/11/16	23:51	4023	4023	4022	4023	78.00	233106.00
2016/11/16	23:52	4023	4023	4022	4023	164.00	233120.00
2016/11/16	23:53	4022	4023	4022	4023	78.00	233104.00
2016/11/16	23:54	4023	4023	4021	4022	228.00	232988.00
2016/11/16	23:55	4021	4022	4021	4022	20.00	232988.00
2016/11/16	23:56	4022	4022	4021	4022	136.00	232950.00
2016/11/16	23:57	4023	4023	4021	4022	82.00	232926.00
2016/11/16	23:58	4021	4022	4020	4020	126.00	232904.00
2016/11/16	23:59	4021	4021	4021	4021	20.00	232906.00
2016/11/17	00:00	4021	4021	4021	4021	96.00	232926.00
2016/11/17	00:01	4020	4021	4020	4021	208.00	232880.00
2016/11/17	00:02	4021	4022	4020	4021	102.00	232840.00
2016/11/17	00:03	4020	4021	4020	4020	152.00	232780.00
2016/11/17	00:04	4020	4020	4019	4020	94.00	232738.00
2016/11/17	00:05	4020	4020	4018	4019	126.00	232742.00
2016/11/17	00:06	4019	4019	4016	4017	500.00	232774.00
2016/11/17	00:07	4018	4019	4017	4018	110.00	232830.00
2016/11/17	00:08	4018	4021	4018	4020	258.00	232838.00
2016/11/17	00:09	4020	4022	4020	4021	92.00	232834.00
2016/11/17	00:10	4020	4022	4020	4022	42.00	232828.00
2016/11/17	00:11	4021	4021	4020	4020	104.00	232804.00
2016/11/17	00:12	4021	4021	4021	4021	68.00	232828.00
2016/11/17	00:13	4021	4022	4021	4022	366.00	233018.00
2016/11/17	00:14	4023	4024	4022	4022	306.00	233064.00
2016/11/17	00:15	4022	4023	4021	4023	88.00	233080.00
2016/11/17	00:16	4022	4024	4022	4023	140.00	233058.00
2016/11/17	00:17	4023	4024	4021	4022	130.00	233086.00
2016/11/17	00:18	4022	4023	4022	4022	100.00	233046.00
2016/11/17	00:19	4022	4022	4022	4022	132.00	232976.00
2016/11/17	00:20	4022	4022	4021	4021	40.00	232970.00
2016/11/17	00:21	4021	4023	4021	4022	84.00	232948.00
2016/11/17	00:22	4023	4024	4022	4024	62.00	232962.00
2016/11/17	00:23	4023	4023	4023	4023	68.00	232962.00
2016/11/17	00:24	4023	4023	4022	4023	8.00	232964.00
2016/11/17	00:25	4022	4023	4021	4021	28.00	232966.00
2016/11/17	00:26	4022	4022	4021	4021	44.00	232974.00
2016/11/17	00:27	4022	4022	4022	4022	118.00	232916.00
2016/11/17	00:28	4022	4022	4021	4021	66.00	232916.00
2016/11/17	00:29	4021	4022	4021	4021	36.00	232928.00
2016/11/17	00:30	4021	4021	4020	4021	32.00	232918.00
2016/11/17	00:31	4021	4021	4021	4021	22.00	232906.00
2016/11/17	00:32	4022	4022	4021	4021	6.00	232908.00
2016/11/17	00:33	4022	4022	4022	4022	20.00	232890.00
2016/11/17	00:34	4021	4022	4021	4022	16.00	232882.00
2016/11/17	00:35	4023	4023	4022	4022	70.00	232888.00
2016/11/17	00:36	4023	4024	4022	4022	122.00	232856.00
2016/11/17	00:37	4023	4023	4023	4023	30.00	232884.00
2016/11/17	00:38	4023	4024	4023	4023	48.00	232876.00
2016/11/17	00:39	4023	4024	4023	4024	68.00	232882.00
2016/11/17	00:40	4024	4024	4023	4024	50.00	232906.00
2016/11/17	00:41	4024	4024	4023	4023	24.00	232904.00
2016/11/17	00:42	4023	4024	4022	4023	44.00	232904.00
2016/11/17	00:43	4023	4023	4023	4023	20.00	232902.00
2016/11/17	00:44	4023	4023	4022	4023	190.00	232980.00
2016/11/17	00:45	4023	4023	4022	4022	32.00	232968.00
2016/11/17	00:46	4022	4022	4021	4021	110.00	232948.00
2016/11/17	00:47	4022	4023	4021	4022	170.00	233012.00
2016/11/17	00:48	4023	4025	4023	4025	176.00	232994.00
2016/11/17	00:49	4024	4025	4024	4024	52.00	233002.00
2016/11/17	00:50	4024	4024	4024	4024	8.00	233010.00
2016/11/17	00:51	4024	4024	4024	4024	36.00	233016.00
2016/11/17	00:52	4024	4024	4023	4024	10.00	233016.00
2016/11/17	00:53	4024	4024	4024	4024	36.00	232998.00
2016/11/17	00:54	4024	4025	4023	4024	26.00	232996.00
2016/11/17	00:55	4025	4026	4024	4025	308.00	233014.00
2016/11/17	00:56	4026	4026	4025	4025	42.00	233006.00
2016/11/17	00:57	4026	4027	4025	4027	188.00	233012.00
2016/11/17	00:58	4027	4029	4027	4028	132.00	233012.00
2016/11/17	00:59	4029	4030	4028	4029	296.00	233082.00
2016/11/17	01:00	4028	4029	4027	4028	174.00	233128.00
2016/11/17	01:01	4028	4033	4028	4032	560.00	233154.00
2016/11/17	01:02	4032	4034	4031	4033	654.00	233276.00
2016/11/17	01:03	4034	4034	4031	4031	332.00	233396.00
2016/11/17	01:04	4031	4033	4031	4032	174.00	233358.00
2016/11/17	01:05	4033	4033	4031	4031	106.00	233342.00
2016/11/17	01:06	4032	4033	4031	4033	124.00	233354.00
2016/11/17	01:07	4032	4033	4031	4032	214.00	233426.00
2016/11/17	01:08	4032	4033	4032	4032	20.00	233434.00
2016/11/17	01:09	4033	4033	4031	4031	102.00	233412.00
2016/11/17	01:10	4032	4032	4031	4032	124.00	233396.00
2016/11/17	01:11	4032	4034	4032	4034	136.00	233430.00
2016/11/17	01:12	4034	4035	4033	4033	132.00	233396.00
2016/11/17	01:13	4033	4034	4032	4033	38.00	233400.00
2016/11/17	01:14	4032	4034	4032	4033	126.00	233364.00
2016/11/17	01:15	4032	4034	4032	4033	208.00	233310.00
2016/11/17	01:16	4034	4035	4032	4032	90.00	233310.00
2016/11/17	01:17	4032	4032	4032	4032	92.00	233340.00
2016/11/17	01:18	4032	4032	4031	4031	30.00	233358.00
2016/11/17	01:19	4031	4033	4031	4031	102.00	233332.00
2016/11/17	01:20	4033	4034	4032	4033	110.00	233264.00
2016/11/17	01:21	4032	4032	4031	4032	68.00	233256.00
2016/11/17	01:22	4032	4033	4032	4032	36.00	233254.00
2016/11/17	01:23	4032	4033	4031	4032	30.00	233254.00
2016/11/17	01:24	4032	4033	4031	4031	60.00	233230.00
2016/11/17	01:25	4032	4032	4031	4031	50.00	233218.00
2016/11/17	01:26	4031	4032	4031	4032	28.00	233208.00
2016/11/17	01:27	4031	4031	4031	4031	10.00	233206.00
2016/11/17	01:28	4032	4032	4031	4031	50.00	233196.00
2016/11/17	01:29	4030	4030	4028	4030	236.00	233164.00
2016/11/17	01:30	4030	4031	4028	4028	160.00	233178.00
2016/11/17	01:31	4029	4031	4028	4030	256.00	233126.00
2016/11/17	01:32	4029	4029	4028	4028	88.00	233148.00
2016/11/17	01:33	4029	4029	4028	4028	24.00	233140.00
2016/11/17	01:34	4028	4029	4028	4029	32.00	233136.00
2016/11/17	01:35	4029	4031	4029	4030	96.00	233082.00
2016/11/17	01:36	4030	4031	4029	4030	48.00	233082.00
2016/11/17	01:37	4030	4030	4029	4029	52.00	233080.00
2016/11/17	01:38	4029	4029	4029	4029	14.00	233086.00
2016/11/17	01:39	4029	4030	4028	4029	32.00	233080.00
2016/11/17	01:40	4030	4030	4030	4030	16.00	233082.00
2016/11/17	01:41	4030	4031	4030	4030	24.00	233090.00
2016/11/17	01:42	4030	4031	4030	4031	10.00	233090.00
2016/11/17	01:43	4031	4031	4030	4031	24.00	233084.00
2016/11/17	01:44	4030	4030	4030	4030	2.00	233084.00
2016/11/17	01:45	4031	4031	4030	4030	28.00	233084.00
2016/11/17	01:46	4031	4031	4031	4031	14.00	233080.00
2016/11/17	01:47	4031	4031	4031	4031	2.00	233078.00
2016/11/17	01:48	4030	4032	4030	4032	54.00	233078.00
2016/11/17	01:49	4031	4032	4031	4031	34.00	233108.00
2016/11/17	01:50	4032	4032	4032	4032	2.00	233108.00
2016/11/17	01:51	4032	4032	4031	4031	60.00	233112.00
2016/11/17	01:52	4031	4031	4031	4031	28.00	233108.00
2016/11/17	01:53	4031	4032	4030	4031	84.00	233072.00
2016/11/17	01:54	4030	4030	4029	4029	12.00	233070.00
2016/11/17	01:55	4030	4030	4029	4029	40.00	233060.00
2016/11/17	01:56	4028	4030	4028	4030	70.00	233016.00
2016/11/17	01:57	4029	4030	4029	4029	66.00	232980.00
2016/11/17	01:58	4030	4030	4030	4030	58.00	232960.00
2016/11/17	01:59	4030	4030	4030	4030	4.00	232956.00
2016/11/17	02:00	4029	4030	4029	4030	16.00	232964.00
2016/11/17	02:01	4030	4030	4028	4028	62.00	232938.00
2016/11/17	02:02	4028	4028	4027	4028	86.00	232934.00
2016/11/17	02:03	4029	4029	4028	4028	40.00	232912.00
2016/11/17	02:04	4029	4029	4029	4029	4.00	232916.00
2016/11/17	02:05	4028	4028	4028	4028	36.00	232900.00
2016/11/17	02:06	4028	4028	4028	4028	18.00	232900.00
2016/11/17	02:07	4028	4029	4027	4027	34.00	232898.00
2016/11/17	02:08	4027	4028	4027	4028	18.00	232886.00
2016/11/17	02:09	4028	4028	4028	4028	4.00	232886.00
2016/11/17	02:10	4029	4029	4029	4029	10.00	232890.00
2016/11/17	02:11	4028	4029	4028	4029	14.00	232888.00
2016/11/17	02:12	4029	4029	4029	4029	16.00	232872.00
2016/11/17	02:13	4029	4029	4029	4029	20.00	232866.00
2016/11/17	02:14	4029	4029	4029	4029	8.00	232870.00
2016/11/17	02:15	4028	4028	4028	4028	30.00	232854.00
2016/11/17	02:16	4027	4028	4027	4027	22.00	232852.00
2016/11/17	02:17	4027	4027	4023	4024	164.00	232748.00
2016/11/17	02:18	4026	4026	4025	4026	36.00	232734.00
2016/11/17	02:19	4028	4028	4026	4026	12.00	232728.00
2016/11/17	02:20	4026	4026	4026	4026	34.00	232718.00
2016/11/17	02:21	4026	4026	4025	4025	54.00	232716.00
2016/11/17	02:22	4025	4027	4025	4026	8.00	232716.00
2016/11/17	02:23	4026	4026	4025	4025	4.00	232716.00
2016/11/17	02:24	4026	4026	4025	4026	52.00	232710.00
2016/11/17	02:25	4026	4026	4022	4023	104.00	232656.00
2016/11/17	02:26	4024	4024	4020	4021	150.00	232632.00
2016/11/17	02:27	4023	4024	4023	4024	76.00	232586.00
2016/11/17	02:28	4024	4024	4022	4022	72.00	232556.00
2016/11/17	02:29	4020	4023	4018	4022	144.00	232486.00
2016/11/17	02:30	4021	4022	4021	4021	54.00	232464.00
2016/11/17	09:01	4024	4028	4023	4025	1088.00	232356.00
2016/11/17	09:02	4024	4028	4024	4026	344.00	232178.00
2016/11/17	09:03	4027	4027	4025	4025	224.00	232124.00
2016/11/17	09:04	4025	4030	4025	4029	376.00	232054.00
2016/11/17	09:05	4029	4031	4028	4031	548.00	231936.00
2016/11/17	09:06	4031	4031	4027	4027	518.00	231830.00
2016/11/17	09:07	4027	4028	4026	4027	220.00	231780.00
2016/11/17	09:08	4027	4028	4024	4028	536.00	231766.00
2016/11/17	09:09	4028	4029	4026	4027	324.00	231842.00
2016/11/17	09:10	4027	4029	4027	4027	310.00	231908.00
2016/11/17	09:11	4027	4029	4026	4028	338.00	231904.00
2016/11/17	09:12	4028	4028	4026	4026	318.00	231910.00
2016/11/17	09:13	4026	4027	4025	4026	150.00	231944.00
2016/11/17	09:14	4026	4027	4025	4026	144.00	231944.00
2016/11/17	09:15	4026	4026	4024	4024	196.00	231988.00
2016/11/17	09:16	4024	4024	4018	4022	858.00	231876.00
2016/11/17	09:17	4022	4024	4020	4023	296.00	231940.00
2016/11/17	09:18	4022	4025	4022	4024	242.00	231928.00
2016/11/17	09:19	4024	4025	4023	4025	250.00	231968.00
2016/11/17	09:20	4024	4025	4022	4022	248.00	232010.00
2016/11/17	09:21	4022	4024	4022	4022	246.00	231998.00
2016/11/17	09:22	4022	4023	4020	4021	352.00	231910.00
2016/11/17	09:23	4021	4022	4020	4020	140.00	231952.00
2016/11/17	09:24	4020	4021	4019	4020	152.00	231948.00
2016/11/17	09:25	4020	4021	4019	4019	236.00	231894.00
2016/11/17	09:26	4019	4020	4019	4020	104.00	231888.00
2016/11/17	09:27	4020	4022	4019	4022	402.00	231828.00
2016/11/17	09:28	4022	4022	4020	4020	140.00	231854.00
2016/11/17	09:29	4020	4021	4018	4020	402.00	231922.00
2016/11/17	09:30	4021	4022	4021	4022	212.00	231848.00
2016/11/17	09:31	4020	4021	4020	4020	234.00	231840.00
2016/11/17	09:32	4020	4021	4019	4020	210.00	231842.00
2016/11/17	09:33	4020	4023	4020	4023	110.00	231838.00
2016/11/17	09:34	4023	4024	4022	4023	260.00	231724.00
2016/11/17	09:35	4024	4024	4023	4023	358.00	231594.00
2016/11/17	09:36	4023	4024	4022	4024	400.00	231392.00
2016/11/17	09:37	4024	4024	4023	4023	294.00	231242.00
2016/11/17	09:38	4022	4025	4022	4025	122.00	231200.00
2016/11/17	09:39	4024	4025	4024	4024	276.00	231110.00
2016/11/17	09:40	4023	4024	4021	4022	214.00	231110.00
2016/11/17	09:41	4022	4024	4021	4023	332.00	231004.00
2016/11/17	09:42	4022	4024	4022	4023	130.00	230918.00
2016/11/17	09:43	4022	4023	4022	4023	318.00	230654.00
2016/11/17	09:44	4023	4024	4023	4023	122.00	230574.00
2016/11/17	09:45	4023	4024	4023	4024	36.00	230548.00
2016/11/17	09:46	4023	4024	4023	4024	152.00	230530.00
2016/11/17	09:47	4025	4025	4024	4025	256.00	230316.00
2016/11/17	09:48	4025	4026	4024	4025	378.00	230066.00
2016/11/17	09:49	4026	4027	4025	4025	264.00	229906.00
2016/11/17	09:50	4026	4027	4025	4025	114.00	229846.00
2016/11/17	09:51	4026	4026	4025	4026	50.00	229804.00
2016/11/17	09:52	4026	4026	4025	4025	180.00	229774.00
2016/11/17	09:53	4025	4025	4024	4025	72.00	229756.00
2016/11/17	09:54	4025	4025	4024	4024	14.00	229748.00
2016/11/17	09:55	4024	4024	4023	4024	94.00	229744.00
2016/11/17	09:56	4023	4023	4023	4023	58.00	229710.00
2016/11/17	09:57	4023	4024	4023	4023	178.00	229750.00
2016/11/17	09:58	4023	4025	4023	4025	94.00	229740.00
2016/11/17	09:59	4024	4025	4024	4025	6.00	229740.00
2016/11/17	10:00	4025	4025	4024	4025	188.00	229702.00
2016/11/17	10:01	4025	4025	4022	4024	152.00	229666.00
2016/11/17	10:02	4024	4024	4024	4024	8.00	229662.00
2016/11/17	10:03	4025	4025	4024	4025	34.00	229658.00
2016/11/17	10:04	4024	4025	4023	4023	88.00	229646.00
2016/11/17	10:05	4024	4024	4023	4023	56.00	229618.00
2016/11/17	10:06	4023	4024	4023	4024	36.00	229622.00
2016/11/17	10:07	4024	4024	4023	4024	86.00	229672.00
2016/11/17	10:08	4024	4024	4023	4023	70.00	229702.00
2016/11/17	10:09	4023	4023	4022	4023	34.00	229706.00
2016/11/17	10:10	4023	4023	4022	4022	16.00	229694.00
2016/11/17	10:11	4022	4023	4022	4023	90.00	229702.00
2016/11/17	10:12	4024	4024	4022	4022	36.00	229696.00
2016/11/17	10:13	4022	4023	4022	4022	110.00	229652.00
2016/11/17	10:14	4022	4022	4022	4022	48.00	229644.00
2016/11/17	10:15	4022	4023	4021	4021	40.00	229628.00
2016/11/17	10:31	4021	4023	4021	4023	48.00	229630.00
2016/11/17	10:32	4022	4023	4022	4022	34.00	229610.00
2016/11/17	10:33	4022	4023	4022	4023	18.00	229600.00
2016/11/17	10:34	4022	4024	4022	4024	50.00	229610.00
2016/11/17	10:35	4023	4024	4023	4023	52.00	229598.00
2016/11/17	10:36	4022	4023	4022	4022	82.00	229558.00
2016/11/17	10:37	4023	4023	4022	4022	32.00	229554.00
2016/11/17	10:38	4022	4023	4022	4022	42.00	229540.00
2016/11/17	10:39	4022	4022	4021	4022	12.00	229538.00
2016/11/17	10:40	4022	4023	4021	4022	32.00	229540.00
2016/11/17	10:41	4022	4022	4021	4021	38.00	229526.00
2016/11/17	10:42	4022	4022	4021	4022	50.00	229508.00
2016/11/17	10:43	4022	4022	4021	4021	16.00	229510.00
2016/11/17	10:44	4021	4022	4021	4022	30.00	229500.00
2016/11/17	10:45	4021	4021	4021	4021	14.00	229506.00
2016/11/17	10:46	4022	4022	4021	4021	42.00	229508.00
2016/11/17	10:47	4021	4023	4021	4022	110.00	229522.00
2016/11/17	10:48	4023	4023	4021	4022	32.00	229508.00
2016/11/17	10:49	4023	4023	4022	4022	10.00	229504.00
2016/11/17	10:50	4022	4023	4022	4022	6.00	229502.00
2016/11/17	10:51	4023	4023	4022	4023	122.00	229494.00
2016/11/17	10:52	4023	4024	4023	4023	100.00	229456.00
2016/11/17	10:53	4023	4023	4022	4022	164.00	229454.00
2016/11/17	10:54	4023	4023	4022	4022	72.00	229464.00
2016/11/17	10:55	4022	4022	4022	4022	14.00	229464.00
2016/11/17	10:56	4022	4022	4021	4021	252.00	229438.00
2016/11/17	10:57	4020	4022	4020	4022	360.00	229338.00
2016/11/17	10:58	4022	4022	4021	4021	22.00	229350.00
2016/11/17	10:59	4021	4022	4021	4022	20.00	229352.00
2016/11/17	11:00	4022	4022	4021	4022	64.00	229342.00
2016/11/17	11:01	4021	4023	4021	4022	50.00	229378.00
2016/11/17	11:02	4022	4023	4022	4022	50.00	229374.00
2016/11/17	11:03	4022	4023	4022	4023	34.00	229374.00
2016/11/17	11:04	4022	4023	4022	4023	32.00	229374.00
2016/11/17	11:05	4022	4023	4022	4022	68.00	229346.00
2016/11/17	11:06	4022	4023	4022	4023	90.00	229318.00
2016/11/17	11:07	4023	4024	4023	4024	38.00	229330.00
2016/11/17	11:08	4024	4024	4024	4024	58.00	229306.00
2016/11/17	11:09	4023	4024	4023	4023	22.00	229300.00
2016/11/17	11:10	4024	4025	4024	4025	84.00	229254.00
2016/11/17	11:11	4024	4024	4022	4023	238.00	229108.00
2016/11/17	11:12	4023	4024	4022	4022	56.00	229102.00
2016/11/17	11:13	4022	4023	4022	4023	14.00	229092.00
2016/11/17	11:14	4023	4023	4023	4023	16.00	229086.00
2016/11/17	11:15	4023	4023	4023	4023	58.00	229052.00
2016/11/17	11:16	4023	4024	4022	4023	116.00	229046.00
2016/11/17	11:17	4023	4024	4023	4023	120.00	229038.00
2016/11/17	11:18	4023	4024	4023	4023	44.00	229006.00
2016/11/17	11:19	4023	4025	4023	4024	168.00	228860.00
2016/11/17	11:20	4024	4025	4024	4024	62.00	228820.00
2016/11/17	11:21	4024	4025	4024	4024	66.00	228796.00
2016/11/17	11:22	4024	4024	4024	4024	76.00	228754.00
2016/11/17	11:23	4024	4024	4023	4024	32.00	228770.00
2016/11/17	11:24	4024	4024	4024	4024	82.00	228810.00
2016/11/17	11:25	4024	4024	4023	4024	72.00	228758.00
2016/11/17	11:26	4024	4024	4023	4023	18.00	228746.00
2016/11/17	11:27	4024	4024	4023	4024	48.00	228708.00
2016/11/17	11:28	4023	4024	4023	4024	228.00	228492.00
2016/11/17	11:29	4024	4025	4024	4025	252.00	228436.00
2016/11/17	11:30	4025	4026	4025	4026	176.00	228320.00
2016/11/17	13:31	4025	4025	4024	4025	342.00	228556.00
2016/11/17	13:32	4024	4029	4024	4029	362.00	228570.00
2016/11/17	13:33	4029	4029	4026	4026	108.00	228548.00
2016/11/17	13:34	4027	4027	4025	4026	176.00	228466.00
2016/11/17	13:35	4026	4027	4026	4027	74.00	228442.00
2016/11/17	13:36	4026	4027	4025	4025	60.00	228436.00
2016/11/17	13:37	4026	4026	4025	4025	122.00	228392.00
2016/11/17	13:38	4025	4026	4025	4025	24.00	228390.00
2016/11/17	13:39	4025	4026	4024	4024	34.00	228394.00
2016/11/17	13:40	4024	4025	4023	4023	58.00	228378.00
2016/11/17	13:41	4023	4024	4023	4024	282.00	228224.00
2016/11/17	13:42	4023	4024	4023	4023	378.00	228108.00
2016/11/17	13:43	4024	4024	4023	4024	68.00	228104.00
2016/11/17	13:44	4023	4023	4022	4023	50.00	228090.00
2016/11/17	13:45	4022	4023	4022	4022	48.00	228098.00
2016/11/17	13:46	4022	4023	4022	4022	54.00	228064.00
2016/11/17	13:47	4022	4023	4022	4022	104.00	228056.00
2016/11/17	13:48	4022	4024	4022	4024	28.00	228066.00
2016/11/17	13:49	4023	4024	4023	4023	38.00	228066.00
2016/11/17	13:50	4024	4025	4024	4025	40.00	228046.00
2016/11/17	13:51	4023	4025	4023	4024	18.00	228048.00
2016/11/17	13:52	4025	4025	4023	4024	62.00	228066.00
2016/11/17	13:53	4024	4024	4023	4023	12.00	228064.00
2016/11/17	13:54	4024	4024	4023	4023	80.00	228038.00
2016/11/17	13:55	4023	4024	4022	4024	82.00	227992.00
2016/11/17	13:56	4023	4024	4022	4022	54.00	227976.00
2016/11/17	13:57	4022	4023	4022	4022	76.00	228014.00
2016/11/17	13:58	4022	4023	4022	4023	50.00	228030.00
2016/11/17	13:59	4023	4024	4022	4023	44.00	228018.00
2016/11/17	14:00	4024	4024	4022	4023	20.00	228022.00
2016/11/17	14:01	4022	4024	4022	4022	64.00	228018.00
2016/11/17	14:02	4024	4024	4022	4022	70.00	228040.00
2016/11/17	14:03	4022	4024	4022	4022	354.00	227884.00
2016/11/17	14:04	4022	4022	4021	4021	78.00	227910.00
2016/11/17	14:05	4021	4021	4020	4021	232.00	227870.00
2016/11/17	14:06	4021	4024	4020	4024	346.00	227672.00
2016/11/17	14:07	4024	4024	4020	4022	700.00	227396.00
2016/11/17	14:08	4022	4023	4021	4021	76.00	227382.00
2016/11/17	14:09	4021	4023	4021	4023	250.00	227348.00
2016/11/17	14:10	4022	4023	4022	4022	164.00	227382.00
2016/11/17	14:11	4022	4023	4022	4023	244.00	227490.00
2016/11/17	14:12	4022	4024	4022	4023	160.00	227472.00
2016/11/17	14:13	4022	4024	4022	4023	64.00	227452.00
2016/11/17	14:14	4023	4024	4023	4023	110.00	227426.00
2016/11/17	14:15	4023	4024	4023	4023	192.00	227372.00
2016/11/17	14:16	4023	4024	4022	4023	130.00	227336.00
2016/11/17	14:17	4022	4024	4022	4024	158.00	227360.00
2016/11/17	14:18	4023	4023	4022	4023	8.00	227360.00
2016/11/17	14:19	4023	4023	4022	4023	88.00	227322.00
2016/11/17	14:20	4023	4024	4022	4023	168.00	227250.00
2016/11/17	14:21	4023	4023	4022	4023	126.00	227190.00
2016/11/17	14:22	4023	4025	4022	4025	226.00	227006.00
2016/11/17	14:23	4024	4025	4024	4024	96.00	226950.00
2016/11/17	14:24	4025	4025	4024	4025	112.00	226926.00
2016/11/17	14:25	4024	4026	4024	4025	82.00	226876.00
2016/11/17	14:26	4026	4026	4024	4025	162.00	226808.00
2016/11/17	14:27	4025	4026	4024	4025	106.00	226750.00
2016/11/17	14:28	4026	4026	4023	4024	408.00	226606.00
2016/11/17	14:29	4024	4025	4024	4024	110.00	226514.00
2016/11/17	14:30	4023	4023	4022	4022	186.00	226488.00
2016/11/17	14:31	4022	4023	4021	4021	386.00	226488.00
2016/11/17	14:32	4023	4023	4021	4021	178.00	226422.00
2016/11/17	14:33	4022	4022	4021	4021	42.00	226410.00
2016/11/17	14:34	4022	4024	4021	4023	362.00	226350.00
2016/11/17	14:35	4023	4023	4022	4023	124.00	226434.00
2016/11/17	14:36	4022	4023	4021	4022	132.00	226428.00
2016/11/17	14:37	4022	4022	4020	4022	308.00	226420.00
2016/11/17	14:38	4022	4023	4020	4021	242.00	226496.00
2016/11/17	14:39	4021	4022	4013	4016	1770.00	226570.00
2016/11/17	14:40	4016	4016	4014	4016	426.00	226542.00
2016/11/17	14:41	4016	4018	4014	4017	488.00	226584.00
2016/11/17	14:42	4018	4018	4016	4017	224.00	226598.00
2016/11/17	14:43	4018	4019	4015	4015	256.00	226676.00
2016/11/17	14:44	4015	4018	4015	4018	278.00	226722.00
2016/11/17	14:45	4016	4016	4013	4014	604.00	226452.00
2016/11/17	14:46	4015	4017	4013	4016	380.00	226422.00
2016/11/17	14:47	4016	4018	4016	4017	300.00	226212.00
2016/11/17	14:48	4017	4019	4017	4017	96.00	226220.00
2016/11/17	14:49	4018	4018	4017	4017	118.00	226254.00
2016/11/17	14:50	4017	4018	4016	4017	166.00	226260.00
2016/11/17	14:51	4017	4018	4015	4017	360.00	226216.00
2016/11/17	14:52	4016	4017	4016	4016	246.00	226216.00
2016/11/17	14:53	4016	4017	4015	4015	180.00	226170.00
2016/11/17	14:54	4017	4017	4015	4016	178.00	226206.00
2016/11/17	14:55	4015	4016	4015	4015	122.00	226240.00
2016/11/17	14:56	4016	4016	4014	4014	328.00	226112.00
2016/11/17	14:57	4015	4015	4014	4014	146.00	226086.00
2016/11/17	14:58	4015	4015	4013	4014	334.00	226060.00
2016/11/17	14:59	4014	4016	4013	4016	304.00	225904.00
2016/11/17	15:00	4016	4017	4014	4017	448.00	225766.00
2016/11/17	21:01	4025	4025	4021	4023	1080.00	225816.00
2016/11/17	21:02	4024	4029	4024	4026	962.00	225556.00
2016/11/17	21:03	4025	4027	4023	4026	644.00	225446.00
2016/11/17	21:04	4025	4027	4024	4025	428.00	225370.00
2016/11/17	21:05	4025	4027	4024	4025	522.00	225318.00
2016/11/17	21:06	4025	4025	4020	4023	898.00	225176.00
2016/11/17	21:07	4022	4027	4022	4026	1714.00	224926.00
2016/11/17	21:08	4026	4026	4022	4025	948.00	224918.00
2016/11/17	21:09	4024	4024	4022	4022	334.00	224890.00
2016/11/17	21:10	4023	4023	4016	4020	684.00	224722.00
2016/11/17	21:11	4021	4021	4018	4020	548.00	224552.00
2016/11/17	21:12	4020	4021	4019	4021	148.00	224574.00
2016/11/17	21:13	4021	4022	4020	4021	158.00	224512.00
2016/11/17	21:14	4022	4023	4021	4023	76.00	224510.00
2016/11/17	21:15	4022	4023	4021	4023	152.00	224588.00
2016/11/17	21:16	4022	4023	4021	4021	70.00	224588.00
2016/11/17	21:17	4021	4023	4021	4023	102.00	224638.00
2016/11/17	21:18	4025	4025	4023	4023	334.00	224570.00
2016/11/17	21:19	4023	4025	4022	4025	162.00	224596.00
2016/11/17	21:20	4024	4025	4023	4023	80.00	224568.00
2016/11/17	21:21	4024	4024	4021	4022	400.00	224502.00
2016/11/17	21:22	4023	4023	4020	4021	170.00	224476.00
2016/11/17	21:23	4021	4022	4020	4021	210.00	224426.00
2016/11/17	21:24	4021	4021	4021	4021	146.00	224388.00
2016/11/17	21:25	4021	4022	4020	4022	440.00	224344.00
2016/11/17	21:26	4022	4023	4021	4022	244.00	224406.00
2016/11/17	21:27	4022	4023	4022	4023	20.00	224404.00
2016/11/17	21:28	4022	4022	4021	4021	18.00	224408.00
2016/11/17	21:29	4021	4022	4019	4020	316.00	224366.00
2016/11/17	21:30	4020	4022	4020	4020	120.00	224286.00
2016/11/17	21:31	4023	4025	4006	4007	1580.00	224262.00
2016/11/17	21:32	4007	4016	4006	4014	1150.00	224206.00
2016/11/17	21:33	4014	4014	4009	4012	794.00	224292.00
2016/11/17	21:34	4012	4016	4011	4014	354.00	224280.00
2016/11/17	21:35	4014	4019	4014	4018	566.00	224046.00
2016/11/17	21:36	4018	4019	4017	4018	604.00	223950.00
2016/11/17	21:37	4019	4019	4016	4018	474.00	223838.00
2016/11/17	21:38	4018	4019	4017	4017	338.00	223742.00
2016/11/17	21:39	4017	4018	4016	4018	68.00	223740.00
2016/11/17	21:40	4018	4018	4017	4018	178.00	223676.00
2016/11/17	21:41	4017	4018	4014	4014	274.00	223592.00
2016/11/17	21:42	4015	4018	4015	4017	310.00	223482.00
2016/11/17	21:43	4017	4017	4014	4016	220.00	223544.00
2016/11/17	21:44	4016	4017	4015	4015	50.00	223540.00
2016/11/17	21:45	4015	4015	4010	4011	1366.00	224038.00
2016/11/17	21:46	4011	4014	4011	4013	502.00	224124.00
2016/11/17	21:47	4012	4012	4008	4011	648.00	224238.00
2016/11/17	21:48	4010	4012	4010	4010	206.00	224180.00
2016/11/17	21:49	4011	4012	4010	4012	304.00	224300.00
2016/11/17	21:50	4012	4012	4011	4012	172.00	224286.00
2016/11/17	21:51	4011	4013	4010	4013	206.00	224298.00
2016/11/17	21:52	4013	4015	4012	4015	132.00	224306.00
2016/11/17	21:53	4014	4015	4014	4014	120.00	224288.00
2016/11/17	21:54	4014	4015	4014	4015	50.00	224286.00
2016/11/17	21:55	4015	4015	4014	4014	34.00	224308.00
2016/11/17	21:56	4014	4014	4013	4013	138.00	224304.00
2016/11/17	21:57	4014	4014	4012	4012	152.00	224364.00
2016/11/17	21:58	4013	4015	4013	4015	70.00	224366.00
2016/11/17	21:59	4015	4015	4014	4014	88.00	224358.00
2016/11/17	22:00	4014	4015	4014	4014	54.00	224368.00
2016/11/17	22:01	4014	4016	4014	4015	126.00	224356.00
2016/11/17	22:02	4015	4015	4014	4014	36.00	224364.00
2016/11/17	22:03	4015	4017	4015	4016	216.00	224322.00
2016/11/17	22:04	4016	4016	4015	4015	120.00	224234.00
2016/11/17	22:05	4015	4016	4014	4014	98.00	224264.00
2016/11/17	22:06	4015	4016	4015	4016	126.00	224316.00
2016/11/17	22:07	4016	4020	4016	4019	446.00	224122.00
2016/11/17	22:08	4020	4020	4018	4020	196.00	224082.00
2016/11/17	22:09	4019	4020	4018	4018	56.00	224096.00
2016/11/17	22:10	4018	4018	4017	4017	76.00	224088.00
2016/11/17	22:11	4018	4018	4018	4018	58.00	224098.00
2016/11/17	22:12	4019	4020	4018	4019	106.00	224080.00
2016/11/17	22:13	4019	4020	4019	4020	170.00	224022.00
2016/11/17	22:14	4020	4022	4020	4021	108.00	223988.00
2016/11/17	22:15	4021	4022	4021	4021	48.00	223964.00
2016/11/17	22:16	4021	4021	4021	4021	46.00	223964.00
2016/11/17	22:17	4021	4021	4020	4021	46.00	223962.00
2016/11/17	22:18	4021	4022	4020	4021	348.00	223942.00
2016/11/17	22:19	4022	4022	4020	4021	70.00	223916.00
2016/11/17	22:20	4020	4020	4020	4020	102.00	223874.00
2016/11/17	22:21	4021	4022	4020	4021	134.00	223876.00
2016/11/17	22:22	4022	4022	4021	4022	216.00	223748.00
2016/11/17	22:23	4020	4026	4020	4025	618.00	223528.00
2016/11/17	22:24	4025	4026	4023	4024	470.00	223430.00
2016/11/17	22:25	4024	4025	4024	4025	170.00	223366.00
2016/11/17	22:26	4025	4026	4024	4024	130.00	223382.00
2016/11/17	22:27	4023	4024	4023	4023	92.00	223350.00
2016/11/17	22:28	4023	4024	4022	4022	130.00	223338.00
2016/11/17	22:29	4022	4022	4020	4021	180.00	223248.00
2016/11/17	22:30	4022	4023	4022	4023	86.00	223270.00
2016/11/17	22:31	4023	4024	4022	4022	184.00	223292.00
2016/11/17	22:32	4021	4022	4020	4021	124.00	223270.00
2016/11/17	22:33	4021	4022	4020	4022	50.00	223244.00
2016/11/17	22:34	4022	4024	4022	4024	278.00	223252.00
2016/11/17	22:35	4024	4024	4023	4023	92.00	223248.00
2016/11/17	22:36	4023	4023	4023	4023	18.00	223252.00
2016/11/17	22:37	4022	4022	4021	4021	54.00	223240.00
2016/11/17	22:38	4021	4022	4021	4021	36.00	223218.00
2016/11/17	22:39	4021	4022	4021	4022	6.00	223216.00
2016/11/17	22:40	4021	4021	4021	4021	8.00	223224.00
2016/11/17	22:41	4021	4022	4020	4021	114.00	223168.00
2016/11/17	22:42	4021	4022	4021	4021	30.00	223160.00
2016/11/17	22:43	4021	4022	4021	4022	42.00	223162.00
2016/11/17	22:44	4022	4023	4022	4023	46.00	223156.00
2016/11/17	22:45	4024	4024	4023	4023	90.00	223138.00
2016/11/17	22:46	4023	4023	4022	4023	66.00	223142.00
2016/11/17	22:47	4022	4023	4021	4021	42.00	223152.00
2016/11/17	22:48	4021	4021	4020	4021	412.00	222936.00
2016/11/17	22:49	4021	4022	4021	4021	68.00	222928.00
2016/11/17	22:50	4021	4021	4018	4018	684.00	222700.00
2016/11/17	22:51	4019	4019	4018	4019	236.00	222604.00
2016/11/17	22:52	4019	4020	4019	4020	140.00	222620.00
2016/11/17	22:53	4021	4021	4019	4020	82.00	222640.00
2016/11/17	22:54	4021	4022	4018	4021	262.00	222652.00
2016/11/17	22:55	4021	4021	4020	4021	72.00	222640.00
2016/11/17	22:56	4022	4022	4021	4021	76.00	222656.00
2016/11/17	22:57	4021	4022	4020	4020	64.00	222628.00
2016/11/17	22:58	4021	4022	4021	4022	76.00	222602.00
2016/11/17	22:59	4021	4022	4021	4021	32.00	222608.00
2016/11/17	23:00	4021	4022	4021	4021	104.00	222608.00
2016/11/17	23:01	4022	4025	4021	4025	172.00	222602.00
2016/11/17	23:02	4025	4025	4023	4024	100.00	222616.00
2016/11/17	23:03	4023	4024	4022	4023	44.00	222626.00
2016/11/17	23:04	4023	4025	4022	4025	156.00	222630.00
2016/11/17	23:05	4025	4028	4024	4027	274.00	222616.00
2016/11/17	23:06	4030	4030	4027	4027	666.00	222502.00
2016/11/17	23:07	4027	4029	4026	4028	258.00	222540.00
2016/11/17	23:08	4027	4028	4026	4028	100.00	222528.00
2016/11/17	23:09	4028	4029	4026	4026	280.00	222608.00
2016/11/17	23:10	4026	4028	4026	4028	132.00	222646.00
2016/11/17	23:11	4029	4031	4028	4029	482.00	222778.00
2016/11/17	23:12	4029	4030	4027	4028	470.00	222946.00
2016/11/17	23:13	4027	4029	4027	4027	114.00	222948.00
2016/11/17	23:14	4029	4029	4027	4027	66.00	222942.00
2016/11/17	23:15	4028	4029	4027	4028	76.00	222924.00
2016/11/17	23:16	4029	4029	4027	4028	136.00	222918.00
2016/11/17	23:17	4027	4027	4025	4025	214.00	222990.00
2016/11/17	23:18	4025	4026	4025	4025	74.00	222978.00
2016/11/17	23:19	4025	4026	4022	4022	240.00	222916.00
2016/11/17	23:20	4023	4023	4021	4022	222.00	222850.00
2016/11/17	23:21	4023	4023	4021	4023	60.00	222834.00
2016/11/17	23:22	4023	4024	4023	4024	56.00	222838.00
2016/11/17	23:23	4024	4025	4024	4025	52.00	222816.00
2016/11/17	23:24	4025	4025	4024	4025	324.00	222634.00
2016/11/17	23:25	4024	4025	4022	4024	270.00	222662.00
2016/11/17	23:26	4023	4024	4021	4023	172.00	222674.00
2016/11/17	23:27	4021	4024	4021	4024	104.00	222656.00
2016/11/17	23:28	4023	4023	4022	4023	38.00	222652.00
2016/11/17	23:29	4023	4023	4022	4023	84.00	222614.00
2016/11/17	23:30	4024	4025	4023	4024	146.00	222642.00
2016/11/17	23:31	4025	4026	4024	4024	396.00	222818.00
2016/11/17	23:32	4025	4025	4021	4022	396.00	222844.00
2016/11/17	23:33	4023	4024	4022	4023	136.00	222816.00
2016/11/17	23:34	4023	4025	4022	4025	170.00	222804.00
2016/11/17	23:35	4025	4025	4024	4024	168.00	222774.00
2016/11/17	23:36	4023	4024	4023	4023	62.00	222772.00
2016/11/17	23:37	4024	4024	4022	4023	34.00	222774.00
2016/11/17	23:38	4022	4024	4022	4023	160.00	222762.00
2016/11/17	23:39	4023	4025	4022	4023	388.00	222770.00
2016/11/17	23:40	4023	4024	4022	4022	276.00	222780.00
2016/11/17	23:41	4021	4023	4021	4022	160.00	222706.00
2016/11/17	23:42	4022	4024	4022	4022	36.00	222706.00
2016/11/17	23:43	4023	4024	4023	4024	34.00	222722.00
2016/11/17	23:44	4024	4024	4023	4023	50.00	222720.00
2016/11/17	23:45	4024	4025	4024	4024	208.00	222750.00
2016/11/17	23:46	4024	4025	4024	4024	88.00	222720.00
2016/11/17	23:47	4025	4025	4021	4022	236.00	222730.00
2016/11/17	23:48	4022	4024	4022	4022	30.00	222734.00
2016/11/17	23:49	4022	4023	4022	4022	10.00	222724.00
2016/11/17	23:50	4023	4023	4023	4023	12.00	222716.00
2016/11/17	23:51	4023	4024	4022	4023	92.00	222674.00
2016/11/17	23:52	4024	4024	4024	4024	4.00	222670.00
2016/11/17	23:53	4023	4024	4023	4023	50.00	222658.00
2016/11/17	23:54	4023	4024	4023	4024	10.00	222660.00
2016/11/17	23:55	4024	4025	4024	4024	234.00	222586.00
2016/11/17	23:56	4024	4026	4024	4026	306.00	222510.00
2016/11/17	23:57	4025	4028	4025	4027	170.00	222524.00
2016/11/17	23:58	4027	4028	4026	4028	94.00	222552.00
2016/11/17	23:59	4027	4028	4027	4027	58.00	222536.00
2016/11/18	21:01	3985	3986	3980	3983	686.00	212640.00
2016/11/18	21:02	3983	3986	3983	3985	372.00	212812.00
2016/11/18	21:03	3984	3986	3981	3981	766.00	212772.00
2016/11/18	21:04	3981	3984	3981	3981	218.00	212698.00
2016/11/18	21:05	3982	3984	3981	3981	194.00	212626.00
2016/11/18	21:06	3981	3982	3978	3981	352.00	212562.00
2016/11/18	21:07	3981	3983	3981	3982	106.00	212544.00
2016/11/18	21:08	3982	3984	3981	3984	228.00	212632.00
2016/11/18	21:09	3984	3990	3984	3990	684.00	212464.00
2016/11/18	21:10	3991	3992	3986	3988	760.00	212470.00
2016/11/18	21:11	3989	3991	3989	3991	634.00	212744.00
2016/11/18	21:12	3991	3993	3990	3992	490.00	212924.00
2016/11/18	21:13	3992	3993	3991	3991	284.00	212878.00
2016/11/18	21:14	3992	3993	3990	3990	172.00	212948.00
2016/11/18	21:15	3989	3990	3986	3986	230.00	212950.00
2016/11/18	21:16	3988	3988	3986	3986	254.00	212924.00
2016/11/18	21:17	3987	3988	3986	3987	100.00	212880.00
2016/11/18	21:18	3988	3988	3985	3986	64.00	212882.00
2016/11/18	21:19	3986	3987	3985	3986	152.00	212918.00
2016/11/18	21:20	3987	3988	3986	3987	56.00	212914.00
2016/11/18	21:21	3987	3988	3986	3987	100.00	212902.00
2016/11/18	21:22	3988	3989	3987	3988	114.00	212854.00
2016/11/18	21:23	3988	3988	3987	3988	140.00	212876.00
2016/11/18	21:24	3988	3990	3987	3990	266.00	212816.00
2016/11/18	21:25	3991	3992	3989	3989	156.00	212772.00
2016/11/18	21:26	3989	3991	3989	3991	62.00	212764.00
2016/11/18	21:27	3991	3993	3990	3993	684.00	212862.00
2016/11/18	21:28	3992	3995	3992	3994	434.00	212844.00
2016/11/18	21:29	3993	3994	3992	3992	100.00	212852.00
2016/11/18	21:30	3992	3995	3992	3993	220.00	212868.00
2016/11/18	21:31	3993	3994	3992	3994	116.00	212864.00
2016/11/18	21:32	3993	3994	3992	3992	186.00	212790.00
2016/11/18	21:33	3993	3993	3991	3992	192.00	212736.00
2016/11/18	21:34	3992	3992	3988	3988	644.00	212590.00
2016/11/18	21:35	3988	3990	3988	3989	142.00	212584.00
2016/11/18	21:36	3989	3991	3989	3989	46.00	212588.00
2016/11/18	21:37	3990	3990	3988	3988	114.00	212532.00
2016/11/18	21:38	3988	3990	3988	3989	58.00	212518.00
2016/11/18	21:39	3989	3989	3988	3989	108.00	212530.00
2016/11/18	21:40	3988	3989	3988	3988	50.00	212520.00
2016/11/18	21:41	3988	3989	3987	3988	62.00	212544.00
2016/11/18	21:42	3987	3989	3987	3987	108.00	212570.00
2016/11/18	21:43	3986	3988	3983	3984	192.00	212574.00
2016/11/18	21:44	3984	3986	3984	3985	160.00	212592.00
2016/11/18	21:45	3986	3987	3985	3985	42.00	212570.00
2016/11/18	21:46	3986	3986	3983	3985	316.00	212518.00
2016/11/18	21:47	3986	3986	3983	3983	58.00	212490.00
2016/11/18	21:48	3983	3985	3983	3983	398.00	212268.00
2016/11/18	21:49	3983	3983	3981	3983	150.00	212294.00
2016/11/18	21:50	3981	3982	3981	3981	238.00	212238.00
2016/11/18	21:51	3982	3982	3980	3982	254.00	212240.00
2016/11/18	21:52	3982	3983	3981	3982	90.00	212250.00
2016/11/18	21:53	3983	3986	3983	3986	324.00	212088.00
2016/11/18	21:54	3985	3986	3984	3985	174.00	212110.00
2016/11/18	21:55	3985	3985	3984	3985	42.00	212108.00
2016/11/18	21:56	3985	3986	3985	3986	32.00	212104.00
2016/11/18	21:57	3985	3985	3983	3983	132.00	212108.00
2016/11/18	21:58	3982	3983	3978	3978	266.00	212146.00
2016/11/18	21:59	3979	3980	3978	3978	508.00	212090.00
2016/11/18	22:00	3977	3979	3977	3979	418.00	211992.00
2016/11/18	22:01	3979	3979	3978	3979	112.00	212002.00
2016/11/18	22:02	3978	3979	3977	3977	222.00	211948.00
2016/11/18	22:03	3976	3978	3974	3977	1048.00	211580.00
2016/11/18	22:04	3976	3978	3976	3978	158.00	211580.00
2016/11/18	22:05	3977	3979	3977	3979	162.00	211586.00
2016/11/18	22:06	3978	3979	3978	3979	72.00	211594.00
2016/11/18	22:07	3979	3980	3977	3977	168.00	211586.00
2016/11/18	22:08	3977	3978	3976	3977	76.00	211612.00
2016/11/18	22:09	3977	3977	3974	3975	220.00	211618.00
2016/11/18	22:10	3975	3977	3975	3976	92.00	211600.00
2016/11/18	22:11	3974	3976	3974	3976	136.00	211538.00
2016/11/18	22:12	3977	3979	3976	3979	436.00	211442.00
2016/11/18	22:13	3979	3980	3977	3978	86.00	211442.00
2016/11/18	22:14	3979	3979	3978	3979	32.00	211448.00
2016/11/18	22:15	3978	3979	3978	3979	188.00	211520.00
2016/11/18	22:16	3979	3981	3979	3981	136.00	211508.00
2016/11/18	22:17	3981	3981	3980	3981	174.00	211474.00
2016/11/18	22:18	3980	3980	3978	3979	238.00	211480.00
2016/11/18	22:19	3979	3979	3977	3979	66.00	211510.00
2016/11/18	22:20	3979	3980	3979	3980	36.00	211524.00
2016/11/18	22:21	3980	3980	3979	3980	56.00	211528.00
2016/11/18	22:22	3979	3979	3977	3977	210.00	211600.00
2016/11/18	22:23	3977	3978	3977	3977	112.00	211572.00
2016/11/18	22:24	3977	3978	3977	3978	28.00	211558.00
2016/11/18	22:25	3978	3978	3976	3977	218.00	211460.00
2016/11/18	22:26	3978	3979	3978	3978	28.00	211448.00
2016/11/18	22:27	3977	3978	3976	3978	54.00	211446.00
2016/11/18	22:28	3978	3978	3977	3977	4.00	211444.00
2016/11/18	22:29	3978	3979	3978	3979	74.00	211456.00
2016/11/18	22:30	3978	3979	3978	3979	32.00	211452.00
2016/11/18	22:31	3978	3979	3976	3979	152.00	211430.00
2016/11/18	22:32	3980	3980	3978	3979	80.00	211420.00
2016/11/18	22:33	3979	3980	3978	3979	70.00	211410.00
2016/11/18	22:34	3980	3980	3979	3979	114.00	211404.00
2016/11/18	22:35	3979	3981	3979	3980	108.00	211364.00
2016/11/18	22:36	3980	3985	3980	3984	290.00	211272.00
2016/11/18	22:37	3984	3985	3982	3984	214.00	211274.00
2016/11/18	22:38	3983	3983	3982	3983	102.00	211252.00
2016/11/18	22:39	3983	3985	3983	3983	94.00	211282.00
2016/11/18	22:40	3983	3986	3983	3986	110.00	211202.00
2016/11/18	22:41	3986	3988	3983	3983	200.00	211176.00
2016/11/18	22:42	3984	3984	3982	3982	206.00	211142.00
2016/11/18	22:43	3982	3983	3981	3983	132.00	211126.00
2016/11/18	22:44	3983	3983	3982	3982	44.00	211132.00
2016/11/18	22:45	3983	3983	3982	3982	30.00	211140.00
2016/11/18	22:46	3982	3983	3980	3983	128.00	211176.00
2016/11/18	22:47	3983	3983	3980	3980	120.00	211128.00
2016/11/18	22:48	3981	3981	3980	3980	52.00	211158.00
2016/11/18	22:49	3981	3982	3979	3980	78.00	211198.00
2016/11/18	22:50	3979	3981	3978	3981	82.00	211214.00
2016/11/18	22:51	3981	3983	3980	3980	96.00	211194.00
2016/11/18	22:52	3980	3981	3980	3981	100.00	211188.00
2016/11/18	22:53	3982	3982	3981	3981	68.00	211210.00
2016/11/18	22:54	3981	3982	3980	3981	160.00	211222.00
2016/11/18	22:55	3982	3982	3981	3981	42.00	211228.00
2016/11/18	22:56	3981	3982	3980	3980	60.00	211238.00
2016/11/18	22:57	3980	3980	3977	3977	156.00	211206.00
2016/11/18	22:58	3979	3980	3978	3979	200.00	211246.00
2016/11/18	22:59	3979	3979	3976	3977	78.00	211268.00
2016/11/18	23:00	3978	3979	3976	3978	58.00	211292.00
2016/11/18	23:01	3978	3979	3977	3978	94.00	211316.00
2016/11/18	23:02	3978	3981	3977	3980	90.00	211338.00
2016/11/18	23:03	3980	3982	3980	3981	78.00	211354.00
2016/11/18	23:04	3981	3982	3981	3981	86.00	211328.00
2016/11/18	23:05	3980	3981	3978	3980	150.00	211348.00
2016/11/18	23:06	3979	3982	3979	3982	122.00	211306.00
2016/11/18	23:07	3982	3982	3981	3982	80.00	211344.00
2016/11/18	23:08	3982	3982	3981	3981	32.00	211350.00
2016/11/18	23:09	3980	3981	3979	3980	42.00	211366.00
2016/11/18	23:10	3979	3979	3975	3976	408.00	211354.00
2016/11/18	23:11	3976	3976	3972	3975	484.00	211460.00
2016/11/18	23:12	3976	3977	3974	3976	146.00	211440.00
2016/11/18	23:13	3976	3978	3976	3977	128.00	211392.00
2016/11/18	23:14	3977	3978	3977	3978	8.00	211388.00
2016/11/18	23:15	3978	3978	3976	3976	60.00	211374.00
2016/11/18	23:16	3976	3977	3976	3976	66.00	211390.00
2016/11/18	23:17	3975	3975	3974	3975	76.00	211418.00
2016/11/18	23:18	3974	3975	3974	3974	60.00	211434.00
2016/11/18	23:19	3974	3977	3974	3977	180.00	211428.00
2016/11/18	23:20	3977	3977	3976	3977	62.00	211434.00
2016/11/18	23:21	3975	3976	3973	3974	104.00	211428.00
2016/11/18	23:22	3973	3976	3973	3974	72.00	211406.00
2016/11/18	23:23	3975	3976	3975	3976	136.00	211478.00
2016/11/18	23:24	3974	3974	3971	3974	382.00	211480.00
2016/11/18	23:25	3973	3976	3973	3975	128.00	211558.00
2016/11/18	23:26	3974	3976	3974	3975	100.00	211558.00
2016/11/18	23:27	3974	3975	3973	3975	226.00	211594.00
2016/11/18	23:28	3974	3975	3973	3974	166.00	211590.00
2016/11/18	23:29	3974	3974	3971	3972	398.00	211712.00
2016/11/18	23:30	3972	3973	3971	3973	94.00	211734.00
2016/11/18	23:31	3973	3976	3973	3976	214.00	211850.00
2016/11/18	23:32	3975	3976	3973	3973	474.00	212168.00
2016/11/18	23:33	3974	3975	3971	3971	456.00	212158.00
2016/11/18	23:34	3971	3973	3971	3971	160.00	212198.00
2016/11/18	23:35	3970	3970	3966	3966	536.00	212302.00
2016/11/18	23:36	3966	3968	3966	3967	230.00	212340.00
2016/11/18	23:37	3967	3967	3963	3963	584.00	212434.00
2016/11/18	23:38	3963	3966	3961	3962	1096.00	212692.00
2016/11/18	23:39	3962	3965	3961	3961	728.00	212730.00
2016/11/18	23:40	3961	3964	3960	3963	676.00	212726.00
2016/11/18	23:41	3963	3965	3963	3964	266.00	212664.00
2016/11/18	23:42	3965	3965	3962	3964	452.00	212568.00
2016/11/18	23:43	3965	3966	3964	3964	212.00	212538.00
2016/11/18	23:44	3964	3964	3961	3964	632.00	212468.00
2016/11/18	23:45	3964	3972	3964	3969	430.00	212268.00
2016/11/18	23:46	3970	3970	3968	3970	358.00	212250.00
2016/11/18	23:47	3969	3969	3967	3967	74.00	212224.00
2016/11/18	23:48	3967	3970	3967	3970	114.00	212184.00
2016/11/18	23:49	3969	3969	3965	3965	186.00	212154.00
2016/11/18	23:50	3966	3967	3965	3966	174.00	212200.00
2016/11/18	23:51	3966	3967	3965	3967	116.00	212218.00
2016/11/18	23:52	3968	3969	3967	3967	44.00	212208.00
2016/11/18	23:53	3968	3969	3967	3967	96.00	212192.00
2016/11/18	23:54	3966	3968	3966	3967	112.00	212228.00
2016/11/18	23:55	3967	3968	3967	3967	52.00	212232.00
2016/11/18	23:56	3967	3969	3966	3967	222.00	212314.00
2016/11/18	23:57	3966	3968	3965	3968	206.00	212286.00
2016/11/18	23:58	3969	3969	3966	3967	116.00	212284.00
2016/11/18	23:59	3965	3967	3965	3967	262.00	212260.00
2016/11/19	00:00	3965	3967	3964	3966	164.00	212244.00
2016/11/19	00:01	3967	3968	3967	3968	56.00	212258.00
2016/11/19	00:02	3967	3967	3964	3966	532.00	211904.00
2016/11/19	00:03	3966	3967	3966	3967	70.00	211888.00
2016/11/19	00:04	3967	3969	3967	3968	58.00	211858.00
2016/11/19	00:05	3968	3971	3968	3970	290.00	211800.00
2016/11/19	00:06	3970	3970	3968	3968	108.00	211802.00
2016/11/19	00:07	3968	3969	3967	3968	132.00	211760.00
2016/11/19	00:08	3968	3970	3968	3970	222.00	211690.00
2016/11/19	00:09	3971	3971	3968	3969	44.00	211692.00
2016/11/19	00:10	3970	3970	3967	3968	138.00	211666.00
2016/11/19	00:11	3969	3969	3965	3967	248.00	211632.00
2016/11/19	00:12	3968	3968	3967	3968	154.00	211580.00
2016/11/19	00:13	3967	3969	3966	3968	286.00	211406.00
2016/11/19	00:14	3967	3968	3966	3966	144.00	211328.00
2016/11/19	00:15	3965	3967	3965	3965	50.00	211322.00
2016/11/19	00:16	3966	3966	3965	3965	118.00	211294.00
2016/11/19	00:17	3965	3967	3965	3966	170.00	211338.00
2016/11/19	00:18	3966	3968	3966	3966	72.00	211334.00
2016/11/19	00:19	3966	3968	3966	3968	12.00	211330.00
2016/11/19	00:20	3966	3968	3965	3967	100.00	211360.00
2016/11/19	00:21	3967	3967	3967	3967	44.00	211376.00
2016/11/19	00:22	3967	3969	3967	3968	76.00	211364.00
2016/11/19	00:23	3968	3968	3967	3968	66.00	211374.00
2016/11/19	00:24	3968	3968	3967	3968	18.00	211368.00
2016/11/19	00:25	3968	3969	3968	3969	162.00	211358.00
2016/11/19	00:26	3968	3969	3968	3969	24.00	211372.00
2016/11/19	00:27	3969	3970	3968	3970	50.00	211350.00
2016/11/19	00:28	3969	3969	3969	3969	18.00	211346.00
2016/11/19	00:29	3969	3970	3969	3970	106.00	211364.00
2016/11/19	00:30	3970	3972	3970	3971	284.00	211360.00
2016/11/19	00:31	3971	3971	3970	3970	68.00	211390.00
2016/11/19	00:32	3971	3975	3971	3974	334.00	211386.00
2016/11/19	00:33	3974	3974	3973	3973	84.00	211364.00
2016/11/19	00:34	3973	3974	3973	3973	74.00	211368.00
2016/11/19	00:35	3974	3974	3974	3974	18.00	211366.00
2016/11/19	00:36	3973	3975	3973	3975	110.00	211312.00
2016/11/19	00:37	3975	3975	3973	3973	64.00	211312.00
2016/11/19	00:38	3973	3973	3972	3972	54.00	211318.00
2016/11/19	00:39	3972	3973	3972	3973	34.00	211314.00
2016/11/19	00:40	3972	3972	3972	3972	40.00	211316.00
2016/11/19	00:41	3971	3973	3970	3971	116.00	211292.00
2016/11/19	00:42	3972	3972	3969	3969	80.00	211300.00
2016/11/19	00:43	3969	3971	3969	3970	68.00	211300.00
2016/11/19	00:44	3969	3970	3968	3970	120.00	211268.00
2016/11/19	00:45	3970	3970	3970	3970	456.00	211050.00
2016/11/19	00:46	3970	3971	3970	3971	156.00	210988.00
2016/11/19	00:47	3970	3971	3970	3971	12.00	210982.00
2016/11/19	00:48	3972	3972	3971	3971	74.00	210960.00
2016/11/19	00:49	3971	3971	3970	3970	28.00	210962.00
2016/11/19	00:50	3971	3972	3970	3971	92.00	210908.00
2016/11/19	00:51	3971	3972	3970	3972	58.00	210928.00
2016/11/19	00:52	3973	3974	3972	3972	60.00	210928.00
2016/11/19	00:53	3973	3973	3972	3972	58.00	210962.00
2016/11/19	00:54	3972	3972	3971	3972	44.00	210972.00
2016/11/19	00:55	3973	3973	3973	3973	78.00	210994.00
2016/11/19	00:56	3973	3974	3972	3972	182.00	211000.00
2016/11/19	00:57	3973	3973	3972	3972	32.00	211018.00
2016/11/19	00:58	3972	3973	3972	3973	16.00	211022.00
2016/11/19	00:59	3974	3974	3973	3974	42.00	211034.00
2016/11/19	01:00	3974	3974	3972	3972	86.00	211042.00
2016/11/19	01:01	3972	3973	3972	3972	170.00	211102.00
2016/11/19	01:02	3972	3972	3970	3971	240.00	211172.00
2016/11/19	01:03	3971	3971	3970	3970	52.00	211172.00
2016/11/19	01:04	3970	3970	3970	3970	52.00	211202.00
2016/11/19	01:05	3969	3972	3969	3972	142.00	211232.00
2016/11/19	01:06	3971	3972	3970	3970	24.00	211244.00
2016/11/19	01:07	3971	3971	3971	3971	6.00	211248.00
2016/11/19	01:08	3971	3972	3970	3970	54.00	211222.00
2016/11/19	01:09	3971	3971	3970	3970	12.00	211218.00
2016/11/19	01:10	3971	3971	3971	3971	40.00	211242.00
2016/11/19	01:11	3972	3972	3972	3972	52.00	211234.00
2016/11/19	01:12	3972	3972	3971	3971	60.00	211216.00
2016/11/19	01:13	3971	3971	3970	3971	26.00	211222.00
2016/11/19	01:14	3971	3971	3971	3971	24.00	211206.00
2016/11/19	01:15	3970	3971	3969	3969	108.00	211198.00
2016/11/19	01:16	3969	3969	3967	3968	96.00	211240.00
2016/11/19	01:17	3967	3968	3967	3968	64.00	211258.00
2016/11/19	01:18	3967	3969	3967	3969	32.00	211260.00
2016/11/19	01:19	3969	3969	3969	3969	8.00	211254.00
2016/11/19	01:20	3969	3969	3969	3969	4.00	211252.00
2016/11/19	01:21	3969	3970	3969	3969	20.00	211248.00
2016/11/19	01:22	3969	3969	3969	3969	18.00	211256.00
2016/11/19	01:23	3969	3970	3969	3970	64.00	211244.00
2016/11/19	01:24	3970	3970	3969	3969	36.00	211226.00
2016/11/19	01:25	3969	3969	3969	3969	132.00	211154.00
2016/11/19	01:26	3968	3968	3968	3968	12.00	211154.00
2016/11/19	01:27	3968	3968	3968	3968	2.00	211154.00
2016/11/19	01:28	3970	3971	3970	3971	110.00	211142.00
2016/11/19	01:29	3971	3971	3970	3970	54.00	211126.00
2016/11/19	01:30	3971	3971	3970	3971	34.00	211110.00
2016/11/19	01:31	3973	3973	3973	3973	54.00	211114.00
2016/11/19	01:32	3973	3973	3973	3973	50.00	211074.00
2016/11/19	01:33	3973	3974	3972	3974	40.00	211090.00
2016/11/19	01:34	3973	3973	3972	3972	18.00	211086.00
2016/11/19	01:35	3973	3973	3973	3973	26.00	211090.00
2016/11/19	01:36	3973	3973	3973	3973	52.00	211048.00
2016/11/19	01:37	3973	3973	3972	3972	42.00	211038.00
2016/11/19	01:38	3972	3972	3972	3972	24.00	211052.00
2016/11/19	01:39	3972	3972	3972	3972	6.00	211046.00
2016/11/19	01:40	3972	3972	3972	3972	10.00	211050.00
2016/11/19	01:41	3972	3972	3972	3972	14.00	211042.00
2016/11/19	01:42	3972	3972	3972	3972	0.00	211042.00
2016/11/19	01:43	3972	3972	3972	3972	122.00	210990.00
2016/11/19	01:44	3972	3972	3970	3970	98.00	210928.00
2016/11/19	01:45	3970	3971	3969	3971	170.00	210862.00
2016/11/19	01:46	3970	3970	3969	3969	60.00	210874.00
2016/11/19	01:47	3969	3969	3968	3968	44.00	210876.00
2016/11/19	01:48	3968	3969	3967	3967	116.00	210820.00
2016/11/19	01:49	3966	3968	3966	3968	80.00	210812.00
2016/11/19	01:50	3968	3969	3968	3969	8.00	210810.00
2016/11/19	01:51	3968	3968	3967	3967	12.00	210814.00
2016/11/19	01:52	3967	3967	3966	3967	34.00	210822.00
2016/11/19	01:53	3967	3967	3967	3967	0.00	210822.00
2016/11/19	01:54	3967	3967	3967	3967	4.00	210818.00
2016/11/19	01:55	3968	3968	3967	3967	4.00	210816.00
2016/11/19	01:56	3967	3967	3966	3966	36.00	210800.00
2016/11/19	01:57	3967	3968	3967	3968	30.00	210802.00
2016/11/19	01:58	3968	3968	3968	3968	18.00	210788.00
2016/11/19	01:59	3968	3968	3968	3968	4.00	210790.00
2016/11/19	02:00	3967	3967	3967	3967	12.00	210786.00
2016/11/19	02:01	3967	3968	3967	3967	30.00	210784.00
2016/11/19	02:02	3967	3968	3967	3967	78.00	210788.00
2016/11/19	02:03	3967	3967	3967	3967	10.00	210786.00
2016/11/19	02:04	3967	3967	3967	3967	0.00	210786.00
2016/11/19	02:05	3968	3969	3967	3969	70.00	210796.00
2016/11/19	02:06	3967	3968	3967	3968	30.00	210802.00
2016/11/19	02:07	3968	3968	3968	3968	0.00	210802.00
2016/11/19	02:08	3969	3970	3969	3970	32.00	210792.00
2016/11/19	02:09	3969	3970	3968	3968	30.00	210772.00
2016/11/19	02:10	3968	3971	3968	3971	32.00	210744.00
2016/11/19	02:11	3971	3971	3971	3971	54.00	210694.00
2016/11/19	02:12	3972	3972	3971	3971	14.00	210686.00
2016/11/19	02:13	3971	3971	3970	3970	4.00	210684.00
2016/11/19	02:14	3971	3971	3970	3971	36.00	210670.00
2016/11/19	02:15	3972	3972	3971	3972	28.00	210662.00
2016/11/19	02:16	3970	3970	3970	3970	6.00	210660.00
2016/11/19	02:17	3970	3970	3969	3969	56.00	210606.00
2016/11/19	02:18	3970	3972	3970	3972	94.00	210522.00
2016/11/19	02:19	3972	3972	3972	3972	54.00	210486.00
2016/11/19	02:20	3973	3974	3972	3973	174.00	210342.00
2016/11/19	02:21	3973	3979	3972	3976	318.00	210220.00
2016/11/19	02:22	3976	3977	3975	3977	40.00	210204.00
2016/11/19	02:23	3977	3978	3976	3978	62.00	210192.00
2016/11/19	02:24	3979	3981	3978	3980	160.00	210174.00
2016/11/19	02:25	3981	3981	3980	3980	148.00	210128.00
2016/11/19	02:26	3980	3982	3980	3982	62.00	210074.00
2016/11/19	02:27	3981	3982	3981	3982	56.00	210030.00
2016/11/19	02:28	3982	3982	3979	3982	188.00	209852.00
2016/11/19	02:29	3982	3982	3979	3981	60.00	209820.00
2016/11/19	02:30	3981	3983	3980	3981	234.00	209846.00
