2016/05/27	10:14	256.55	256.55	256.55	256.55	20.00	22248.00
2016/05/27	10:15	256.55	256.65	256.55	256.65	60.00	22194.00
2016/05/27	10:31	256.65	256.65	256.45	256.55	262.00	22036.00
2016/05/27	10:32	256.50	256.65	256.50	256.60	96.00	21994.00
2016/05/27	10:33	256.65	256.70	256.60	256.70	22.00	21988.00
2016/05/27	10:34	256.65	256.65	256.55	256.55	44.00	21956.00
2016/05/27	10:35	256.55	256.55	256.50	256.50	8.00	21958.00
2016/05/27	10:36	256.45	256.45	256.20	256.20	92.00	21958.00
2016/05/27	10:37	256.20	256.25	256.15	256.15	96.00	21938.00
2016/05/27	10:38	256.15	256.15	255.90	255.90	130.00	21910.00
2016/05/27	10:39	255.90	256.05	255.90	256.00	64.00	21904.00
2016/05/27	10:40	256.05	256.05	255.70	255.70	134.00	21912.00
2016/05/27	10:41	255.75	255.90	255.75	255.90	74.00	21892.00
2016/05/27	10:42	255.90	256.00	255.90	255.95	78.00	21872.00
2016/05/27	10:43	255.95	256.05	255.95	256.05	36.00	21870.00
2016/05/27	10:44	256.05	256.15	256.05	256.15	10.00	21866.00
2016/05/27	10:45	256.15	256.25	256.15	256.20	98.00	21824.00
2016/05/27	10:46	256.20	256.20	256.15	256.15	8.00	21824.00
2016/05/27	10:47	256.15	256.20	256.15	256.20	16.00	21820.00
2016/05/27	10:48	256.20	256.20	256.15	256.15	44.00	21828.00
2016/05/27	10:49	256.15	256.20	256.15	256.20	6.00	21826.00
2016/05/27	10:50	256.20	256.35	256.20	256.35	46.00	21806.00
2016/05/27	10:51	256.40	256.40	256.15	256.15	90.00	21786.00
2016/05/27	10:52	256.10	256.10	256.10	256.10	20.00	21774.00
2016/05/27	10:53	256.05	256.05	256.00	256.05	122.00	21684.00
2016/05/27	10:54	256.00	256.10	256.00	256.05	122.00	21626.00
2016/05/27	10:55	256.20	256.20	256.20	256.20	4.00	21626.00
2016/05/27	10:56	256.20	256.20	256.10	256.20	108.00	21628.00
2016/05/27	10:57	256.20	256.20	256.20	256.20	6.00	21626.00
2016/05/27	10:58	256.20	256.25	256.10	256.10	80.00	21584.00
2016/05/27	11:01	256.15	256.20	256.10	256.20	100.00	21566.00
2016/05/27	11:02	256.20	256.20	256.20	256.20	28.00	21554.00
2016/05/27	11:03	256.30	256.30	256.30	256.30	2.00	21552.00
2016/05/27	11:05	256.25	256.25	256.20	256.20	38.00	21530.00
2016/05/27	11:06	256.30	256.30	256.20	256.25	34.00	21532.00
2016/05/27	11:07	256.30	256.35	256.30	256.35	6.00	21534.00
2016/05/27	11:08	256.30	256.35	256.30	256.35	6.00	21536.00
2016/05/27	11:09	256.45	256.50	256.45	256.45	32.00	21524.00
2016/05/27	11:10	256.50	256.50	256.45	256.45	32.00	21514.00
2016/05/27	11:11	256.40	256.40	256.35	256.35	30.00	21492.00
2016/05/27	11:12	256.40	256.45	256.40	256.40	32.00	21510.00
2016/05/27	11:14	256.35	256.35	256.35	256.35	10.00	21500.00
2016/05/27	11:15	256.35	256.40	256.35	256.40	32.00	21510.00
2016/05/27	11:16	256.45	256.50	256.45	256.50	16.00	21508.00
2016/05/27	11:17	256.40	256.45	256.40	256.45	18.00	21508.00
2016/05/27	11:18	256.40	256.50	256.40	256.50	62.00	21446.00
2016/05/27	11:19	256.50	256.50	256.50	256.50	2.00	21444.00
2016/05/27	11:20	256.50	256.55	256.50	256.55	84.00	21394.00
2016/05/27	11:21	256.50	256.50	256.50	256.50	20.00	21380.00
2016/05/27	11:22	256.55	256.60	256.55	256.60	8.00	21382.00
2016/05/27	11:23	256.60	256.65	256.60	256.60	12.00	21372.00
2016/05/27	11:24	256.75	256.80	256.75	256.80	10.00	21368.00
2016/05/27	11:25	256.80	256.85	256.75	256.75	124.00	21346.00
2016/05/27	11:26	256.80	256.80	256.80	256.80	2.00	21346.00
2016/05/27	11:27	256.80	256.80	256.75	256.75	6.00	21348.00
2016/05/27	11:28	256.75	256.75	256.75	256.75	14.00	21346.00
2016/05/27	11:29	256.80	256.80	256.70	256.75	58.00	21322.00
2016/05/27	11:30	256.75	256.85	256.75	256.80	68.00	21302.00
2016/05/27	13:31	257.40	258.25	257.15	258.20	424.00	21328.00
2016/05/27	13:32	258.20	258.20	258.00	258.20	90.00	21302.00
2016/05/27	13:33	258.20	258.35	258.20	258.30	242.00	21382.00
2016/05/27	13:34	258.25	258.25	258.15	258.15	58.00	21338.00
2016/05/27	13:35	258.05	258.10	258.00	258.00	44.00	21312.00
2016/05/27	13:36	257.90	257.90	257.85	257.90	100.00	21268.00
2016/05/27	13:37	257.90	258.00	257.90	258.00	18.00	21264.00
2016/05/27	13:38	257.85	257.85	257.85	257.85	4.00	21264.00
2016/05/27	13:39	257.75	257.75	257.60	257.60	6.00	21264.00
2016/05/27	13:40	257.65	257.65	257.65	257.65	2.00	21262.00
2016/05/27	13:41	257.70	257.70	257.70	257.70	2.00	21260.00
2016/05/27	13:42	257.65	257.70	257.60	257.70	38.00	21234.00
2016/05/27	13:43	257.75	257.75	257.75	257.75	10.00	21236.00
2016/05/27	13:44	257.75	257.75	257.70	257.75	16.00	21232.00
2016/05/27	13:45	257.70	257.75	257.55	257.60	134.00	21206.00
2016/05/27	13:46	257.70	257.80	257.70	257.80	22.00	21198.00
2016/05/27	13:47	257.70	257.70	257.65	257.65	18.00	21194.00
2016/05/27	13:48	257.60	257.60	257.50	257.50	12.00	21192.00
2016/05/27	13:49	257.45	257.45	257.45	257.45	12.00	21200.00
2016/05/27	13:50	257.50	257.60	257.50	257.60	36.00	21194.00
2016/05/27	13:51	257.60	257.60	257.60	257.60	4.00	21190.00
2016/05/27	13:52	257.55	257.60	257.55	257.60	6.00	21190.00
2016/05/27	13:53	257.60	257.60	257.60	257.60	22.00	21178.00
2016/05/27	13:54	257.45	257.45	257.45	257.45	2.00	21178.00
2016/05/27	13:55	257.45	257.50	257.45	257.50	8.00	21180.00
2016/05/27	13:56	257.55	257.55	257.55	257.55	2.00	21178.00
2016/05/27	13:57	257.45	257.60	257.45	257.60	14.00	21176.00
2016/05/27	13:58	257.60	257.60	257.60	257.60	8.00	21172.00
2016/05/27	13:59	257.60	257.70	257.60	257.70	18.00	21172.00
2016/05/27	14:00	257.65	257.75	257.65	257.75	12.00	21166.00
2016/05/27	14:01	257.80	257.90	257.80	257.80	60.00	21170.00
2016/05/27	14:02	257.80	257.80	257.75	257.80	8.00	21176.00
2016/05/27	14:03	257.85	257.85	257.85	257.85	8.00	21182.00
2016/05/27	14:04	257.85	257.85	257.85	257.85	2.00	21184.00
2016/05/27	14:05	257.80	257.85	257.80	257.80	28.00	21180.00
2016/05/27	14:06	257.80	257.80	257.80	257.80	28.00	21176.00
2016/05/27	14:07	257.80	257.95	257.80	257.90	24.00	21166.00
2016/05/27	14:08	258.00	258.00	257.85	257.85	22.00	21172.00
2016/05/27	14:09	257.85	257.85	257.85	257.85	22.00	21164.00
2016/05/27	14:10	257.80	257.80	257.80	257.80	2.00	21164.00
2016/05/27	14:11	257.95	258.05	257.95	258.05	20.00	21164.00
2016/05/27	14:12	258.05	258.05	257.95	257.95	8.00	21160.00
2016/05/27	14:13	257.95	257.95	257.90	257.90	12.00	21164.00
2016/05/27	14:14	257.95	257.95	257.95	257.95	4.00	21162.00
2016/05/27	14:15	257.90	257.90	257.90	257.90	2.00	21162.00
2016/05/27	14:16	257.95	257.95	257.90	257.90	14.00	21158.00
2016/05/27	14:19	257.95	257.95	257.85	257.85	18.00	21144.00
2016/05/27	14:20	257.85	257.85	257.80	257.80	16.00	21138.00
2016/05/27	14:21	257.85	257.90	257.85	257.90	22.00	21128.00
2016/05/27	14:22	257.85	257.85	257.85	257.85	2.00	21126.00
2016/05/27	14:23	257.90	257.90	257.90	257.90	6.00	21126.00
2016/05/27	14:25	257.80	257.80	257.80	257.80	14.00	21122.00
2016/05/27	14:26	257.80	257.80	257.75	257.75	12.00	21122.00
2016/05/27	14:27	257.75	257.75	257.75	257.75	16.00	21122.00
2016/05/27	14:28	257.70	257.70	257.70	257.70	10.00	21118.00
2016/05/27	14:29	257.80	257.80	257.80	257.80	4.00	21116.00
2016/05/27	14:30	257.80	257.80	257.80	257.80	2.00	21114.00
2016/05/27	14:31	257.85	258.00	257.85	258.00	22.00	21110.00
2016/05/27	14:32	258.00	258.00	258.00	258.00	4.00	21108.00
2016/05/27	14:33	258.00	258.00	257.95	258.00	46.00	21108.00
2016/05/27	14:34	258.00	258.10	258.00	258.05	24.00	21122.00
2016/05/27	14:35	258.10	258.10	258.00	258.00	32.00	21118.00
2016/05/27	14:36	258.00	258.00	258.00	258.00	30.00	21112.00
2016/05/27	14:37	257.95	257.95	257.90	257.90	30.00	21124.00
2016/05/27	14:39	257.80	257.85	257.80	257.80	6.00	21126.00
2016/05/27	14:40	257.85	257.85	257.80	257.80	4.00	21124.00
2016/05/27	14:41	257.80	257.90	257.80	257.90	78.00	21126.00
2016/05/27	14:42	257.80	257.90	257.80	257.90	14.00	21118.00
2016/05/27	14:43	257.90	257.90	257.90	257.90	14.00	21112.00
2016/05/27	14:44	257.80	257.90	257.75	257.75	18.00	21108.00
2016/05/27	14:45	257.80	257.90	257.75	257.85	34.00	21100.00
2016/05/27	14:46	257.80	257.85	257.80	257.80	8.00	21100.00
2016/05/27	14:48	257.80	257.85	257.70	257.85	96.00	21048.00
2016/05/27	14:49	257.80	257.95	257.80	257.95	18.00	21050.00
2016/05/27	14:51	257.95	257.95	257.80	257.80	78.00	21020.00
2016/05/27	14:52	257.90	257.95	257.80	257.95	34.00	21014.00
2016/05/27	14:53	257.85	257.90	257.85	257.90	24.00	21014.00
2016/05/27	14:54	257.85	257.85	257.80	257.80	14.00	21000.00
2016/05/27	14:55	257.90	257.90	257.80	257.80	14.00	21004.00
2016/05/27	14:56	257.80	257.90	257.80	257.90	58.00	21016.00
2016/05/27	14:57	257.90	257.90	257.90	257.90	6.00	21014.00
2016/05/27	14:58	257.95	257.95	257.80	257.90	34.00	20992.00
2016/05/27	14:59	258.00	258.00	258.00	258.00	8.00	20988.00
2016/05/27	15:00	257.90	258.05	257.90	257.90	80.00	20988.00
2016/05/27	21:01	257.45	257.45	257.10	257.10	48.00	20982.00
2016/05/27	21:02	257.05	257.20	256.95	256.95	46.00	20986.00
2016/05/27	21:03	256.85	256.85	256.75	256.80	38.00	20998.00
2016/05/27	21:04	256.85	256.95	256.80	256.85	44.00	20990.00
2016/05/27	21:05	256.90	256.90	256.80	256.80	20.00	20984.00
2016/05/27	21:06	256.80	256.85	256.80	256.85	16.00	20990.00
2016/05/27	21:07	256.90	256.95	256.90	256.95	68.00	20960.00
2016/05/27	21:08	256.95	257.00	256.95	257.00	28.00	20956.00
2016/05/27	21:09	256.95	257.10	256.95	257.05	18.00	20966.00
2016/05/27	21:10	257.00	257.05	257.00	257.00	26.00	20966.00
2016/05/27	21:11	257.05	257.10	257.05	257.10	148.00	20876.00
2016/05/27	21:12	257.10	257.30	257.10	257.20	82.00	20860.00
2016/05/27	21:13	257.15	257.20	257.10	257.10	16.00	20852.00
2016/05/27	21:14	257.10	257.15	257.10	257.15	8.00	20846.00
2016/05/27	21:15	257.15	257.15	257.15	257.15	2.00	20846.00
2016/05/27	21:16	257.15	257.20	257.15	257.15	14.00	20848.00
2016/05/27	21:17	257.10	257.20	257.10	257.10	10.00	20842.00
2016/05/27	21:18	257.00	257.10	257.00	257.10	6.00	20844.00
2016/05/27	21:19	257.10	257.10	257.05	257.05	12.00	20850.00
2016/05/27	21:20	257.05	257.05	257.05	257.05	2.00	20850.00
2016/05/27	21:21	257.05	257.05	257.05	257.05	10.00	20852.00
2016/05/27	21:22	257.10	257.10	257.05	257.10	8.00	20852.00
2016/05/27	21:23	257.10	257.15	257.10	257.15	8.00	20848.00
2016/05/27	21:24	257.15	257.20	257.15	257.20	26.00	20842.00
2016/05/27	21:25	257.25	257.30	257.20	257.30	14.00	20848.00
2016/05/27	21:26	257.25	257.25	257.20	257.20	14.00	20844.00
2016/05/27	21:28	257.30	257.30	257.25	257.25	14.00	20848.00
2016/05/27	21:29	257.30	257.30	257.30	257.30	2.00	20850.00
2016/05/27	21:30	257.40	257.40	257.30	257.30	8.00	20854.00
2016/05/27	21:31	257.40	257.45	257.35	257.45	22.00	20862.00
2016/05/27	21:32	257.45	257.55	257.45	257.50	28.00	20864.00
2016/05/27	21:33	257.50	257.55	257.50	257.50	70.00	20862.00
2016/05/27	21:34	257.50	257.50	257.40	257.40	72.00	20850.00
2016/05/27	21:35	257.40	257.40	257.35	257.35	104.00	20826.00
2016/05/27	21:36	257.35	257.40	257.35	257.35	108.00	20798.00
2016/05/27	21:37	257.35	257.35	257.25	257.25	26.00	20796.00
2016/05/27	21:38	257.25	257.30	257.20	257.30	64.00	20820.00
2016/05/27	21:39	257.30	257.30	257.30	257.30	10.00	20820.00
2016/05/27	21:40	257.30	257.30	257.25	257.30	102.00	20810.00
2016/05/27	21:42	257.35	257.35	257.30	257.35	12.00	20818.00
2016/05/27	21:43	257.35	257.45	257.35	257.45	10.00	20816.00
2016/05/27	21:44	257.45	257.45	257.45	257.45	2.00	20818.00
2016/05/27	21:45	257.40	257.40	257.40	257.40	2.00	20818.00
2016/05/27	21:46	257.35	257.40	257.35	257.40	4.00	20820.00
2016/05/27	21:47	257.35	257.35	257.30	257.30	6.00	20820.00
2016/05/27	21:49	257.20	257.20	257.20	257.20	6.00	20824.00
2016/05/27	21:50	257.15	257.15	257.10	257.15	24.00	20822.00
2016/05/27	21:51	257.30	257.30	257.30	257.30	8.00	20820.00
2016/05/27	21:52	257.35	257.35	257.35	257.35	6.00	20820.00
2016/05/27	21:53	257.35	257.40	257.35	257.40	14.00	20820.00
2016/05/27	21:54	257.35	257.35	257.30	257.30	12.00	20822.00
2016/05/27	21:55	257.35	257.35	257.30	257.30	4.00	20826.00
2016/05/27	21:56	257.30	257.30	257.30	257.30	6.00	20830.00
2016/05/27	21:57	257.25	257.25	257.25	257.25	22.00	20824.00
2016/05/27	21:58	257.35	257.35	257.35	257.35	6.00	20820.00
2016/05/27	22:00	257.30	257.30	257.30	257.30	2.00	20822.00
2016/05/27	22:01	257.35	257.35	257.30	257.30	6.00	20822.00
2016/05/27	22:04	257.25	257.25	257.25	257.25	14.00	20814.00
2016/05/27	22:06	257.40	257.40	257.25	257.25	12.00	20818.00
2016/05/27	22:07	257.25	257.25	257.25	257.25	6.00	20820.00
2016/05/27	22:08	257.25	257.25	257.20	257.20	12.00	20822.00
2016/05/27	22:09	257.25	257.30	257.25	257.30	10.00	20828.00
2016/05/27	22:10	257.30	257.30	257.30	257.30	2.00	20826.00
2016/05/27	22:11	257.40	257.45	257.40	257.45	6.00	20820.00
2016/05/27	22:12	257.45	257.45	257.40	257.40	18.00	20808.00
2016/05/27	22:14	257.40	257.40	257.40	257.40	2.00	20806.00
2016/05/27	22:15	257.40	257.40	257.30	257.30	8.00	20802.00
2016/05/27	22:17	257.35	257.40	257.30	257.40	14.00	20804.00
2016/05/27	22:18	257.35	257.35	257.20	257.20	14.00	20800.00
2016/05/27	22:19	257.15	257.15	257.00	257.00	62.00	20784.00
2016/05/27	22:20	256.80	256.90	256.75	256.90	26.00	20782.00
2016/05/27	22:21	256.85	256.85	256.80	256.85	20.00	20790.00
2016/05/27	22:22	256.85	257.10	256.80	257.10	50.00	20782.00
2016/05/27	22:24	257.10	257.10	257.10	257.10	6.00	20782.00
2016/05/27	22:25	257.05	257.05	257.05	257.05	2.00	20780.00
2016/05/27	22:26	257.10	257.10	257.10	257.10	2.00	20780.00
2016/05/27	22:27	257.15	257.15	257.15	257.15	2.00	20780.00
2016/05/27	22:28	257.10	257.10	257.10	257.10	8.00	20778.00
2016/05/27	22:30	257.15	257.15	257.15	257.15	12.00	20770.00
2016/05/27	22:31	257.20	257.20	257.20	257.20	4.00	20768.00
2016/05/27	22:32	257.10	257.10	257.10	257.10	12.00	20764.00
2016/05/27	22:34	257.10	257.10	257.10	257.10	2.00	20766.00
2016/05/27	22:35	257.00	257.00	256.95	256.95	8.00	20770.00
2016/05/27	22:36	256.90	256.90	256.90	256.90	42.00	20784.00
2016/05/27	22:37	256.90	256.90	256.90	256.90	16.00	20790.00
2016/05/27	22:38	256.95	257.00	256.95	257.00	6.00	20788.00
2016/05/27	22:39	256.95	256.95	256.80	256.80	28.00	20808.00
2016/05/27	22:40	256.90	256.90	256.90	256.90	4.00	20810.00
2016/05/27	22:41	256.85	256.85	256.85	256.85	30.00	20824.00
2016/05/27	22:42	256.80	256.80	256.75	256.75	12.00	20822.00
2016/05/27	22:43	256.80	256.80	256.70	256.70	24.00	20816.00
2016/05/27	22:44	256.80	256.80	256.75	256.75	8.00	20818.00
2016/05/27	22:45	256.70	256.75	256.65	256.75	28.00	20830.00
2016/05/27	22:46	256.80	256.80	256.80	256.80	18.00	20844.00
2016/05/27	22:47	256.80	256.90	256.80	256.90	36.00	20834.00
2016/05/27	22:48	256.80	256.80	256.75	256.75	22.00	20824.00
2016/05/27	22:49	256.80	256.80	256.80	256.80	108.00	20750.00
2016/05/27	22:50	256.80	256.80	256.75	256.75	16.00	20748.00
2016/05/27	22:51	256.70	256.75	256.65	256.65	140.00	20644.00
2016/05/27	22:52	256.65	256.65	256.60	256.60	244.00	20522.00
2016/05/27	22:53	256.55	256.60	256.50	256.60	146.00	20462.00
2016/05/27	22:54	256.55	256.55	256.45	256.45	72.00	20428.00
2016/05/27	22:55	256.45	256.45	256.40	256.45	20.00	20438.00
2016/05/27	22:56	256.50	256.55	256.50	256.55	14.00	20428.00
2016/05/27	22:57	256.50	256.55	256.45	256.55	6.00	20426.00
2016/05/27	22:58	256.55	256.55	256.50	256.50	16.00	20426.00
2016/05/27	22:59	256.55	256.65	256.55	256.65	18.00	20424.00
2016/05/27	23:00	256.70	256.75	256.70	256.75	10.00	20422.00
2016/05/27	23:01	256.75	256.85	256.75	256.85	34.00	20410.00
2016/05/27	23:02	256.75	256.75	256.65	256.70	8.00	20410.00
2016/05/27	23:03	256.70	256.75	256.70	256.70	10.00	20410.00
2016/05/27	23:04	256.65	256.70	256.65	256.65	46.00	20436.00
2016/05/27	23:05	256.60	256.60	256.60	256.60	6.00	20436.00
2016/05/27	23:06	256.60	256.60	256.50	256.50	106.00	20436.00
2016/05/27	23:07	256.50	256.50	256.50	256.50	22.00	20432.00
2016/05/27	23:08	256.40	256.40	256.30	256.40	40.00	20430.00
2016/05/27	23:09	256.40	256.40	256.40	256.40	2.00	20432.00
2016/05/27	23:10	256.35	256.35	256.25	256.35	18.00	20434.00
2016/05/27	23:11	256.30	256.40	256.30	256.40	6.00	20430.00
2016/05/27	23:12	256.40	256.45	256.40	256.45	20.00	20424.00
2016/05/27	23:14	256.45	256.45	256.40	256.40	20.00	20444.00
2016/05/27	23:15	256.35	256.50	256.35	256.50	8.00	20448.00
2016/05/27	23:16	256.50	256.50	256.50	256.50	8.00	20450.00
2016/05/27	23:17	256.50	256.55	256.50	256.55	4.00	20448.00
2016/05/27	23:18	256.50	256.55	256.50	256.55	4.00	20446.00
2016/05/27	23:19	256.55	256.55	256.45	256.45	8.00	20446.00
2016/05/27	23:21	256.50	256.50	256.50	256.50	12.00	20436.00
2016/05/27	23:24	256.55	256.65	256.55	256.60	24.00	20434.00
2016/05/27	23:25	256.60	256.75	256.60	256.75	14.00	20432.00
2016/05/27	23:26	256.70	256.70	256.70	256.70	8.00	20428.00
2016/05/27	23:27	256.70	256.70	256.70	256.70	2.00	20426.00
2016/05/27	23:29	256.65	256.65	256.65	256.65	22.00	20446.00
2016/05/27	23:30	256.60	256.65	256.60	256.65	12.00	20438.00
2016/05/27	23:31	256.65	256.70	256.65	256.70	6.00	20444.00
2016/05/27	23:32	256.70	256.70	256.60	256.60	10.00	20446.00
2016/05/27	23:33	256.65	256.65	256.55	256.55	4.00	20448.00
2016/05/27	23:34	256.60	256.60	256.60	256.60	16.00	20434.00
2016/05/27	23:35	256.60	256.60	256.60	256.60	8.00	20428.00
2016/05/27	23:36	256.65	256.65	256.60	256.60	8.00	20428.00
2016/05/27	23:38	256.65	256.65	256.65	256.65	4.00	20430.00
2016/05/27	23:39	256.75	256.85	256.75	256.85	14.00	20428.00
2016/05/27	23:40	256.90	256.90	256.75	256.80	28.00	20424.00
2016/05/27	23:41	256.80	256.90	256.80	256.90	24.00	20414.00
2016/05/27	23:42	256.95	257.15	256.95	257.15	150.00	20370.00
2016/05/27	23:43	257.00	257.00	257.00	257.00	22.00	20374.00
2016/05/27	23:44	257.00	257.00	257.00	257.00	10.00	20380.00
2016/05/27	23:45	256.95	257.00	256.95	257.00	4.00	20378.00
2016/05/27	23:46	257.00	257.00	257.00	257.00	2.00	20380.00
2016/05/27	23:47	257.00	257.00	256.95	257.00	10.00	20376.00
2016/05/27	23:48	257.05	257.05	257.05	257.05	2.00	20374.00
2016/05/27	23:49	257.10	257.10	257.10	257.10	4.00	20378.00
2016/05/27	23:50	257.15	257.15	257.10	257.10	26.00	20358.00
2016/05/27	23:51	257.15	257.15	257.15	257.15	2.00	20358.00
2016/05/27	23:52	257.15	257.15	257.15	257.15	6.00	20356.00
2016/05/27	23:53	257.10	257.10	257.10	257.10	2.00	20356.00
2016/05/27	23:54	257.10	257.10	257.10	257.10	4.00	20356.00
2016/05/27	23:56	257.15	257.15	257.15	257.15	4.00	20354.00
2016/05/27	23:57	257.15	257.15	257.15	257.15	6.00	20354.00
2016/05/27	23:58	257.10	257.10	257.10	257.10	20.00	20348.00
2016/05/27	23:59	257.10	257.10	257.10	257.10	2.00	20346.00
2016/05/28	00:01	257.05	257.05	256.95	256.95	18.00	20338.00
2016/05/28	00:02	257.05	257.05	257.00	257.05	10.00	20338.00
2016/05/28	00:04	257.05	257.05	257.05	257.05	2.00	20336.00
2016/05/28	00:05	256.95	256.95	256.95	256.95	4.00	20332.00
2016/05/28	00:06	256.95	256.95	256.85	256.85	8.00	20334.00
2016/05/28	00:07	256.95	256.95	256.95	256.95	2.00	20332.00
2016/05/28	00:08	256.95	256.95	256.95	256.95	4.00	20334.00
2016/05/28	00:09	256.95	256.95	256.95	256.95	4.00	20330.00
2016/05/28	00:10	256.95	256.95	256.95	256.95	2.00	20330.00
2016/05/28	00:14	256.90	256.90	256.90	256.90	28.00	20352.00
2016/05/28	00:15	256.85	256.90	256.85	256.90	4.00	20352.00
2016/05/28	00:17	256.85	256.85	256.85	256.85	2.00	20352.00
2016/05/28	00:18	256.90	256.90	256.90	256.90	12.00	20358.00
2016/05/28	00:19	256.90	256.90	256.90	256.90	2.00	20360.00
2016/05/28	00:20	256.95	256.95	256.95	256.95	4.00	20362.00
2016/05/28	00:24	256.95	257.00	256.95	257.00	24.00	20346.00
2016/05/28	00:27	256.95	256.95	256.95	256.95	2.00	20346.00
2016/05/28	00:29	257.00	257.00	257.00	257.00	6.00	20340.00
2016/05/28	00:30	257.05	257.05	257.00	257.00	8.00	20336.00
2016/05/28	00:31	257.00	257.00	257.00	257.00	4.00	20336.00
2016/05/28	00:41	257.00	257.00	257.00	257.00	30.00	20342.00
2016/05/28	00:42	257.00	257.00	257.00	257.00	2.00	20340.00
2016/05/28	00:45	256.95	257.00	256.95	257.00	8.00	20344.00
2016/05/28	00:51	257.00	257.00	257.00	257.00	2.00	20342.00
2016/05/28	00:52	257.05	257.05	257.05	257.05	2.00	20340.00
2016/05/28	00:53	257.10	257.10	257.10	257.10	4.00	20340.00
2016/05/28	00:57	257.10	257.10	257.00	257.00	4.00	20342.00
2016/05/28	00:59	256.90	256.90	256.90	256.90	2.00	20340.00
2016/05/28	01:00	256.95	257.05	256.95	257.05	8.00	20334.00
2016/05/28	01:01	256.95	256.95	256.95	256.95	14.00	20326.00
2016/05/28	01:02	256.95	256.95	256.90	256.90	18.00	20326.00
2016/05/28	01:05	256.95	256.95	256.95	256.95	2.00	20326.00
2016/05/28	01:06	256.95	256.95	256.95	256.95	12.00	20322.00
2016/05/28	01:08	256.95	256.95	256.95	256.95	2.00	20322.00
2016/05/28	01:10	256.95	256.95	256.95	256.95	8.00	20316.00
2016/05/28	01:11	257.00	257.00	257.00	257.00	4.00	20318.00
2016/05/28	01:13	256.95	256.95	256.95	256.95	2.00	20316.00
2016/05/28	01:15	257.00	257.05	257.00	257.05	42.00	20336.00
2016/05/28	01:16	257.10	257.10	257.10	257.10	2.00	20334.00
2016/05/28	01:17	257.05	257.05	257.05	257.05	2.00	20334.00
2016/05/28	01:19	257.15	257.25	257.15	257.25	16.00	20326.00
2016/05/28	01:20	257.20	257.20	257.20	257.20	2.00	20328.00
2016/05/28	01:24	257.30	257.30	257.30	257.30	2.00	20326.00
2016/05/28	01:29	257.20	257.20	257.20	257.20	2.00	20324.00
2016/05/28	01:30	257.10	257.10	257.10	257.10	2.00	20322.00
2016/05/28	01:32	257.05	257.05	257.05	257.05	2.00	20320.00
2016/05/28	01:36	256.95	256.95	256.50	256.50	82.00	20304.00
2016/05/28	01:37	256.50	256.60	256.50	256.55	42.00	20314.00
2016/05/28	01:38	256.55	256.55	256.40	256.45	62.00	20316.00
2016/05/28	01:39	256.45	256.45	256.40	256.45	44.00	20330.00
2016/05/28	01:40	256.35	256.40	256.25	256.35	66.00	20360.00
2016/05/28	01:41	256.35	256.45	256.35	256.45	64.00	20362.00
2016/05/28	01:42	256.45	256.50	256.45	256.45	100.00	20394.00
2016/05/28	01:44	256.40	256.40	256.40	256.40	2.00	20394.00
2016/05/28	01:45	256.55	256.60	256.55	256.60	90.00	20416.00
2016/05/28	01:46	256.60	256.75	256.55	256.75	50.00	20406.00
2016/05/28	01:47	256.75	256.80	256.70	256.75	54.00	20418.00
2016/05/28	01:48	256.70	256.70	256.65	256.70	68.00	20448.00
2016/05/28	01:49	256.70	256.75	256.70	256.75	18.00	20430.00
2016/05/28	01:50	256.75	256.75	256.75	256.75	4.00	20430.00
2016/05/28	01:51	256.60	256.60	256.55	256.55	14.00	20428.00
2016/05/28	01:57	256.75	256.75	256.75	256.75	2.00	20428.00
2016/05/28	01:58	256.70	256.70	256.70	256.70	2.00	20428.00
2016/05/28	02:00	256.70	256.70	256.70	256.70	2.00	20430.00
2016/05/28	02:01	256.55	256.55	256.55	256.55	8.00	20424.00
2016/05/28	02:03	256.55	256.55	256.55	256.55	32.00	20402.00
2016/05/28	02:08	256.40	256.40	256.40	256.40	2.00	20402.00
2016/05/28	02:10	256.40	256.40	256.40	256.40	2.00	20402.00
2016/05/28	02:11	256.40	256.40	256.40	256.40	4.00	20400.00
2016/05/28	02:13	256.45	256.45	256.45	256.45	2.00	20398.00
2016/05/28	02:15	256.40	256.40	256.35	256.35	24.00	20390.00
2016/05/28	02:16	256.35	256.35	256.15	256.15	14.00	20384.00
2016/05/28	02:17	256.15	256.15	256.15	256.15	18.00	20366.00
2016/05/28	02:20	256.30	256.30	256.30	256.30	2.00	20368.00
2016/05/28	02:21	256.15	256.25	256.15	256.25	34.00	20362.00
2016/05/28	02:22	256.15	256.15	256.15	256.15	126.00	20264.00
2016/05/28	02:23	256.20	256.20	256.15	256.15	36.00	20264.00
2016/05/28	02:24	256.15	256.15	256.15	256.15	6.00	20262.00
2016/05/28	02:25	256.10	256.10	256.10	256.10	14.00	20264.00
2016/05/28	02:26	256.05	256.15	256.00	256.15	50.00	20216.00
2016/05/28	02:27	256.10	256.15	256.10	256.15	8.00	20220.00
2016/05/28	02:28	256.10	256.25	256.10	256.25	6.00	20222.00
2016/05/28	02:29	256.25	256.30	256.10	256.10	12.00	20222.00
2016/05/28	02:30	256.10	256.25	256.10	256.25	18.00	20214.00
2016/05/30	09:01	255.85	255.85	255.30	255.35	334.00	20278.00
2016/05/30	09:02	255.35	255.60	255.35	255.55	210.00	20246.00
2016/05/30	09:03	255.45	255.50	255.35	255.40	68.00	20256.00
2016/05/30	09:04	255.35	255.40	255.20	255.25	88.00	20298.00
2016/05/30	09:05	255.20	255.30	255.10	255.20	138.00	20268.00
2016/05/30	09:06	255.25	255.30	255.15	255.30	76.00	20242.00
2016/05/30	09:07	255.30	255.30	255.25	255.25	80.00	20234.00
2016/05/30	09:08	255.30	255.40	255.30	255.40	46.00	20228.00
2016/05/30	09:09	255.40	255.40	255.35	255.35	172.00	20116.00
2016/05/30	09:10	255.35	255.45	255.35	255.45	62.00	20102.00
2016/05/30	09:11	255.40	255.45	255.25	255.35	128.00	20088.00
2016/05/30	09:12	255.35	255.35	255.20	255.20	116.00	20070.00
2016/05/30	09:13	255.15	255.15	255.10	255.10	34.00	20068.00
2016/05/30	09:14	255.10	255.10	254.95	255.00	120.00	20082.00
2016/05/30	09:15	254.95	255.05	254.95	255.05	62.00	20092.00
2016/05/30	09:16	255.00	255.05	254.95	255.05	24.00	20094.00
2016/05/30	09:17	255.00	255.15	255.00	255.10	46.00	20098.00
2016/05/30	09:18	255.10	255.20	255.00	255.05	176.00	20014.00
2016/05/30	09:19	255.10	255.15	255.05	255.15	32.00	20002.00
2016/05/30	09:20	255.15	255.15	255.10	255.15	24.00	19992.00
2016/05/30	09:21	255.10	255.10	255.05	255.05	10.00	19990.00
2016/05/30	09:22	255.05	255.05	254.85	254.90	60.00	19996.00
2016/05/30	09:23	254.95	254.95	254.95	254.95	14.00	20006.00
2016/05/30	09:24	254.90	254.95	254.90	254.90	54.00	19980.00
2016/05/30	09:25	254.85	254.85	254.70	254.70	76.00	19950.00
2016/05/30	09:26	254.65	254.80	254.65	254.75	72.00	19986.00
2016/05/30	09:27	254.70	254.70	254.50	254.50	74.00	19982.00
2016/05/30	09:28	254.55	254.60	254.45	254.45	30.00	19988.00
2016/05/30	09:29	254.45	254.45	254.30	254.35	46.00	19976.00
2016/05/30	09:30	254.35	254.35	254.20	254.20	96.00	19948.00
2016/05/30	09:31	254.20	254.50	254.20	254.50	76.00	19930.00
2016/05/30	09:32	254.45	254.50	254.45	254.50	28.00	19922.00
2016/05/30	09:33	254.50	254.55	254.40	254.40	48.00	19946.00
2016/05/30	09:34	254.45	254.50	254.40	254.45	20.00	19944.00
2016/05/30	09:35	254.45	254.45	254.40	254.40	50.00	19922.00
2016/05/30	09:36	254.50	254.50	254.35	254.35	14.00	19912.00
2016/05/30	09:37	254.40	254.40	254.30	254.40	52.00	19922.00
2016/05/30	09:38	254.80	254.80	254.35	254.40	82.00	19906.00
2016/05/30	09:39	254.60	254.75	254.60	254.75	16.00	19906.00
2016/05/30	09:40	254.70	254.80	254.70	254.70	50.00	19886.00
2016/05/30	09:41	254.70	254.80	254.70	254.75	12.00	19886.00
2016/05/30	09:42	254.75	254.75	254.70	254.70	56.00	19864.00
2016/05/30	09:43	254.70	254.75	254.70	254.75	50.00	19886.00
2016/05/30	09:44	254.70	254.75	254.70	254.75	16.00	19886.00
2016/05/30	09:45	254.70	254.80	254.70	254.80	24.00	19872.00
2016/05/30	09:46	254.75	254.75	254.70	254.75	24.00	19870.00
2016/05/30	09:47	254.80	254.90	254.80	254.90	30.00	19858.00
2016/05/30	09:48	254.95	254.95	254.95	254.95	2.00	19856.00
2016/05/30	09:49	255.00	255.10	255.00	255.00	56.00	19828.00
2016/05/30	09:50	255.05	255.15	255.05	255.10	66.00	19796.00
2016/05/30	09:51	255.00	255.10	254.90	255.10	44.00	19790.00
2016/05/30	09:52	255.15	255.15	255.05	255.05	20.00	19782.00
2016/05/30	09:53	255.00	255.00	254.95	254.95	18.00	19774.00
2016/05/30	09:54	254.95	254.95	254.80	254.80	70.00	19756.00
2016/05/30	09:55	254.90	255.15	254.90	255.15	36.00	19740.00
2016/05/30	09:56	255.15	255.15	255.05	255.05	22.00	19720.00
2016/05/30	09:57	255.00	255.05	255.00	255.05	36.00	19722.00
2016/05/30	09:58	255.05	255.10	255.05	255.10	10.00	19718.00
2016/05/30	09:59	255.10	255.15	254.95	255.05	30.00	19706.00
2016/05/30	10:00	255.00	255.00	255.00	255.00	6.00	19702.00
2016/05/30	10:01	254.95	254.95	254.95	254.95	18.00	19684.00
2016/05/30	10:02	254.95	255.00	254.85	255.00	42.00	19678.00
2016/05/30	10:03	254.95	255.05	254.90	254.90	10.00	19678.00
2016/05/30	10:04	254.95	254.95	254.95	254.95	4.00	19680.00
2016/05/30	10:05	254.90	254.95	254.90	254.95	4.00	19680.00
2016/05/30	10:06	254.95	254.95	254.85	254.85	42.00	19672.00
2016/05/30	10:07	254.85	254.90	254.80	254.80	32.00	19662.00
2016/05/30	10:08	254.90	254.90	254.85	254.85	12.00	19662.00
2016/05/30	10:09	254.85	254.85	254.85	254.85	46.00	19624.00
2016/05/30	10:10	254.85	254.95	254.85	254.90	68.00	19592.00
2016/05/30	10:11	254.90	254.95	254.85	254.90	64.00	19568.00
2016/05/30	10:12	254.90	254.90	254.85	254.85	60.00	19528.00
2016/05/30	10:13	254.85	254.85	254.60	254.60	34.00	19530.00
2016/05/30	10:14	254.65	254.70	254.65	254.70	20.00	19520.00
2016/05/30	10:15	254.65	254.70	254.60	254.70	14.00	19512.00
2016/05/30	10:31	254.70	254.85	254.70	254.85	16.00	19508.00
2016/05/30	10:32	254.85	254.85	254.80	254.85	52.00	19490.00
2016/05/30	10:33	254.85	254.85	254.80	254.80	8.00	19490.00
2016/05/30	10:34	254.80	254.85	254.80	254.85	18.00	19474.00
2016/05/30	10:35	254.85	254.95	254.85	254.95	42.00	19456.00
2016/05/30	10:36	254.85	254.85	254.85	254.85	34.00	19460.00
2016/05/30	10:37	254.85	254.90	254.85	254.85	26.00	19468.00
2016/05/30	10:38	254.80	254.85	254.80	254.85	20.00	19462.00
2016/05/30	10:41	254.85	254.85	254.85	254.85	64.00	19410.00
2016/05/30	10:42	254.85	254.90	254.85	254.90	16.00	19412.00
2016/05/30	10:43	254.85	254.85	254.85	254.85	8.00	19404.00
2016/05/30	10:44	254.85	254.95	254.85	254.95	10.00	19400.00
2016/05/30	10:45	254.90	254.90	254.90	254.90	10.00	19396.00
2016/05/30	10:46	254.95	255.00	254.90	255.00	18.00	19386.00
2016/05/30	10:47	255.00	255.00	254.95	254.95	46.00	19374.00
2016/05/30	10:48	254.85	254.90	254.85	254.90	8.00	19370.00
2016/05/30	10:49	254.90	254.90	254.85	254.85	6.00	19368.00
2016/05/30	10:50	254.85	255.05	254.75	255.00	186.00	19224.00
2016/05/30	10:51	254.90	255.00	254.85	254.90	38.00	19190.00
2016/05/30	10:52	254.90	254.90	254.90	254.90	56.00	19162.00
2016/05/30	10:53	254.95	254.95	254.85	254.90	80.00	19090.00
2016/05/30	10:55	254.95	254.95	254.95	254.95	50.00	19050.00
2016/05/30	10:56	254.95	254.95	254.90	254.90	78.00	18998.00
2016/05/30	10:57	254.90	254.95	254.90	254.95	10.00	18992.00
2016/05/30	10:58	254.95	254.95	254.95	254.95	34.00	18984.00
2016/05/30	10:59	254.95	255.00	254.90	255.00	20.00	18976.00
2016/05/30	11:00	254.90	255.00	254.90	255.00	82.00	18936.00
2016/05/30	11:01	255.00	255.15	255.00	255.10	58.00	18922.00
2016/05/30	11:02	255.15	255.15	255.00	255.05	40.00	18904.00
2016/05/30	11:03	255.05	255.05	255.00	255.00	42.00	18888.00
2016/05/30	11:04	255.00	255.00	254.95	254.95	24.00	18868.00
2016/05/30	11:05	255.05	255.05	255.00	255.00	50.00	18836.00
2016/05/30	11:06	254.95	255.00	254.95	255.00	30.00	18810.00
2016/05/30	11:07	255.05	255.10	255.05	255.10	18.00	18812.00
2016/05/30	11:08	255.10	255.15	255.10	255.15	96.00	18722.00
2016/05/30	11:09	255.00	255.05	255.00	255.05	6.00	18718.00
2016/05/30	11:10	255.05	255.05	255.05	255.05	2.00	18716.00
2016/05/30	11:11	255.05	255.05	254.95	254.95	32.00	18692.00
2016/05/30	11:12	254.95	254.95	254.95	254.95	40.00	18676.00
2016/05/30	11:13	254.95	254.95	254.95	254.95	12.00	18674.00
2016/05/30	11:14	254.90	254.95	254.90	254.95	12.00	18668.00
2016/05/30	11:15	254.95	254.95	254.90	254.90	6.00	18668.00
2016/05/30	11:16	255.00	255.00	254.90	254.90	6.00	18662.00
2016/05/30	11:18	254.95	255.00	254.90	254.90	18.00	18650.00
2016/05/30	11:19	254.90	254.90	254.90	254.90	4.00	18650.00
2016/05/30	11:21	254.90	254.90	254.90	254.90	24.00	18648.00
2016/05/30	11:22	254.90	254.90	254.85	254.85	6.00	18648.00
2016/05/30	11:23	254.85	254.85	254.85	254.85	38.00	18610.00
2016/05/30	11:24	254.85	254.90	254.85	254.90	4.00	18610.00
2016/05/30	11:25	254.85	254.90	254.85	254.90	46.00	18580.00
2016/05/30	11:26	254.80	254.80	254.75	254.80	300.00	18488.00
2016/05/30	11:27	254.80	254.80	254.70	254.80	550.00	18058.00
2016/05/30	11:28	254.80	254.80	254.75	254.80	64.00	18024.00
2016/05/30	11:29	254.75	254.75	254.75	254.75	36.00	18004.00
2016/05/30	11:30	254.75	254.80	254.75	254.75	112.00	17898.00
2016/05/30	13:31	254.75	254.75	254.65	254.65	86.00	17860.00
2016/05/30	13:32	254.75	254.75	254.75	254.75	32.00	17830.00
2016/05/30	13:33	254.75	254.75	254.70	254.70	12.00	17826.00
2016/05/30	13:34	254.70	254.70	254.70	254.70	30.00	17810.00
2016/05/30	13:35	254.70	254.70	254.60	254.60	40.00	17774.00
2016/05/30	13:36	254.65	254.70	254.65	254.70	72.00	17706.00
2016/05/30	13:37	254.70	254.75	254.70	254.75	274.00	17632.00
2016/05/30	13:38	254.70	254.70	254.65	254.70	304.00	17606.00
2016/05/30	13:39	254.70	254.75	254.70	254.70	216.00	17556.00
2016/05/30	13:40	254.70	254.75	254.70	254.70	218.00	17540.00
2016/05/30	13:41	254.70	254.70	254.65	254.70	348.00	17516.00
2016/05/30	13:42	254.70	254.70	254.70	254.70	100.00	17516.00
2016/05/30	13:43	254.70	254.70	254.70	254.70	40.00	17488.00
2016/05/30	13:44	254.65	254.75	254.65	254.70	94.00	17492.00
2016/05/30	13:45	254.70	254.70	254.65	254.65	48.00	17470.00
2016/05/30	13:46	254.65	254.70	254.65	254.70	70.00	17428.00
2016/05/30	13:47	254.75	254.75	254.70	254.70	120.00	17364.00
2016/05/30	13:48	254.75	254.80	254.70	254.70	22.00	17346.00
2016/05/30	13:49	254.75	254.75	254.70	254.70	4.00	17342.00
2016/05/30	13:50	254.70	254.70	254.70	254.70	4.00	17342.00
2016/05/30	13:51	254.70	254.70	254.70	254.70	2.00	17342.00
2016/05/30	13:52	254.75	254.75	254.75	254.75	8.00	17334.00
2016/05/30	13:53	254.65	254.65	254.65	254.65	2.00	17334.00
2016/05/30	13:54	254.75	254.75	254.75	254.75	2.00	17332.00
2016/05/30	13:55	254.70	254.70	254.70	254.70	2.00	17330.00
2016/05/30	13:56	254.70	254.75	254.70	254.70	26.00	17316.00
2016/05/30	13:57	254.75	254.85	254.65	254.65	368.00	17126.00
2016/05/30	13:58	254.65	254.75	254.65	254.75	48.00	17092.00
2016/05/30	13:59	254.75	254.80	254.75	254.75	22.00	17086.00
2016/05/30	14:00	254.75	254.75	254.70	254.75	22.00	17068.00
2016/05/30	14:01	254.75	254.75	254.70	254.70	84.00	17030.00
2016/05/30	14:02	254.65	254.70	254.65	254.70	60.00	16990.00
2016/05/30	14:03	254.60	254.70	254.60	254.65	50.00	16956.00
2016/05/30	14:04	254.60	254.65	254.60	254.60	124.00	16832.00
2016/05/30	14:05	254.60	254.60	254.50	254.55	110.00	16766.00
2016/05/30	14:06	254.50	254.60	254.50	254.60	58.00	16736.00
2016/05/30	14:07	254.55	254.55	254.50	254.55	42.00	16732.00
2016/05/30	14:08	254.50	254.50	254.05	254.20	244.00	16654.00
2016/05/30	14:09	254.20	254.20	254.10	254.20	46.00	16638.00
2016/05/30	14:10	254.25	254.25	254.20	254.20	92.00	16580.00
2016/05/30	14:11	254.25	254.30	254.20	254.30	62.00	16538.00
2016/05/30	14:12	254.25	254.25	254.25	254.25	14.00	16526.00
2016/05/30	14:13	254.25	254.30	254.20	254.25	44.00	16512.00
2016/05/30	14:14	254.25	254.25	254.25	254.25	4.00	16514.00
2016/05/30	14:15	254.25	254.25	254.25	254.25	2.00	16516.00
2016/05/30	14:16	254.20	254.25	254.10	254.10	102.00	16452.00
2016/05/30	14:17	254.05	254.10	253.90	254.00	100.00	16376.00
2016/05/30	14:18	254.00	254.00	253.85	253.85	68.00	16344.00
2016/05/30	14:19	253.85	254.00	253.85	253.95	172.00	16294.00
2016/05/30	14:20	253.95	254.00	253.90	254.00	84.00	16248.00
2016/05/30	14:21	254.00	254.05	253.95	254.05	26.00	16254.00
2016/05/30	14:22	254.05	254.05	254.05	254.05	38.00	16278.00
2016/05/30	14:23	254.05	254.05	254.05	254.05	50.00	16296.00
2016/05/30	14:24	254.05	254.10	254.05	254.05	96.00	16260.00
2016/05/30	14:25	254.00	254.05	254.00	254.05	46.00	16246.00
2016/05/30	14:26	254.05	254.05	254.05	254.05	126.00	16148.00
2016/05/30	14:27	254.05	254.05	254.05	254.05	28.00	16160.00
2016/05/30	14:28	254.05	254.05	254.00	254.00	38.00	16156.00
2016/05/30	14:29	254.00	254.00	253.95	254.00	8.00	16152.00
2016/05/30	14:30	254.00	254.00	254.00	254.00	2.00	16150.00
2016/05/30	14:31	254.00	254.00	254.00	254.00	38.00	16144.00
2016/05/30	14:32	254.00	254.00	253.95	254.00	48.00	16108.00
2016/05/30	14:33	253.95	254.00	253.90	254.00	140.00	16062.00
2016/05/30	14:34	253.95	254.00	253.90	253.95	230.00	15952.00
2016/05/30	14:35	253.95	254.00	253.95	254.00	240.00	15816.00
2016/05/30	14:36	254.00	254.05	254.00	254.05	148.00	15750.00
2016/05/30	14:37	254.05	254.10	254.00	254.10	114.00	15666.00
2016/05/30	14:38	254.10	254.10	254.05	254.05	12.00	15656.00
2016/05/30	14:39	254.10	254.10	254.00	254.00	104.00	15582.00
2016/05/30	14:40	254.00	254.05	254.00	254.05	58.00	15530.00
2016/05/30	14:41	254.05	254.20	254.05	254.15	286.00	15370.00
2016/05/30	14:42	254.15	254.20	254.15	254.15	54.00	15362.00
2016/05/30	14:43	254.15	254.20	254.10	254.15	90.00	15374.00
2016/05/30	14:44	254.15	254.20	254.15	254.15	228.00	15370.00
2016/05/30	14:45	254.15	254.15	254.10	254.15	258.00	15340.00
2016/05/30	14:46	254.15	254.20	254.15	254.20	52.00	15332.00
2016/05/30	14:47	254.20	254.25	254.20	254.25	76.00	15310.00
2016/05/30	14:48	254.25	254.25	254.25	254.25	72.00	15310.00
2016/05/30	14:49	254.30	254.40	254.25	254.40	72.00	15262.00
2016/05/30	14:50	254.40	254.45	254.35	254.35	64.00	15248.00
2016/05/30	14:51	254.45	254.55	254.45	254.45	40.00	15224.00
2016/05/30	14:52	254.55	254.65	254.55	254.60	58.00	15210.00
2016/05/30	14:53	254.60	254.70	254.60	254.60	86.00	15244.00
2016/05/30	14:54	254.65	254.95	254.65	254.90	62.00	15222.00
2016/05/30	14:55	254.85	254.85	254.75	254.80	14.00	15216.00
2016/05/30	14:56	254.85	254.85	254.80	254.80	22.00	15210.00
2016/05/30	14:57	254.85	254.85	254.80	254.80	8.00	15204.00
2016/05/30	14:58	254.80	254.80	254.70	254.75	82.00	15194.00
2016/05/30	14:59	254.75	254.75	254.65	254.65	28.00	15186.00
2016/05/30	15:00	254.60	254.65	254.60	254.60	70.00	15170.00
2016/05/30	21:01	255.05	255.05	255.05	255.05	6.00	15170.00
2016/05/30	21:02	255.10	255.10	254.85	254.90	22.00	15170.00
2016/05/30	21:03	254.90	254.90	254.90	254.90	12.00	15168.00
2016/05/30	21:04	254.85	255.00	254.85	254.95	48.00	15158.00
2016/05/30	21:05	255.00	255.00	254.95	254.95	20.00	15154.00
2016/05/30	21:06	254.95	254.95	254.90	254.90	12.00	15146.00
2016/05/30	21:07	254.90	255.20	254.90	255.20	194.00	15068.00
2016/05/30	21:08	255.20	255.25	255.05	255.20	180.00	14970.00
2016/05/30	21:09	255.20	255.35	255.10	255.35	60.00	14964.00
2016/05/30	21:10	255.35	255.60	255.35	255.60	70.00	14930.00
2016/05/30	21:11	255.60	255.60	255.45	255.55	54.00	14886.00
2016/05/30	21:12	255.50	255.60	255.45	255.45	40.00	14860.00
2016/05/30	21:13	255.55	255.75	255.50	255.50	36.00	14840.00
2016/05/30	21:14	255.50	255.55	255.50	255.50	18.00	14842.00
2016/05/30	21:15	255.45	255.45	255.45	255.45	12.00	14834.00
2016/05/30	21:16	255.50	255.55	255.45	255.55	20.00	14830.00
2016/05/30	21:17	255.50	255.50	255.50	255.50	4.00	14826.00
2016/05/30	21:18	255.40	255.45	255.35	255.45	44.00	14820.00
2016/05/30	21:19	255.45	255.50	255.40	255.40	24.00	14818.00
2016/05/30	21:20	255.40	255.40	255.40	255.40	2.00	14818.00
2016/05/30	21:22	255.40	255.45	255.40	255.40	14.00	14808.00
2016/05/30	21:23	255.45	255.50	255.40	255.40	56.00	14766.00
2016/05/30	21:24	255.50	255.50	255.45	255.45	12.00	14756.00
2016/05/30	21:25	255.50	255.50	255.45	255.45	12.00	14750.00
2016/05/30	21:26	255.45	255.45	255.45	255.45	2.00	14752.00
2016/05/30	21:27	255.55	255.55	255.55	255.55	12.00	14742.00
2016/05/30	21:28	255.60	255.75	255.60	255.75	70.00	14746.00
2016/05/30	21:29	255.75	255.85	255.75	255.85	18.00	14742.00
2016/05/30	21:30	255.85	256.00	255.70	255.90	44.00	14718.00
2016/05/30	21:31	256.00	256.10	256.00	256.10	22.00	14722.00
2016/05/30	21:32	256.10	256.15	256.05	256.05	40.00	14690.00
2016/05/30	21:33	256.00	256.00	255.95	255.95	32.00	14678.00
2016/05/30	21:34	255.95	256.00	255.95	256.00	36.00	14658.00
2016/05/30	21:35	255.90	256.00	255.80	255.80	18.00	14650.00
2016/05/30	21:36	255.80	255.80	255.80	255.80	4.00	14648.00
2016/05/30	21:37	255.80	255.80	255.80	255.80	4.00	14652.00
2016/05/30	21:38	255.75	256.00	255.75	255.85	30.00	14646.00
2016/05/30	21:39	255.85	256.00	255.85	255.95	12.00	14650.00
2016/05/30	21:40	256.00	256.10	256.00	256.00	48.00	14634.00
2016/05/30	21:41	256.05	256.05	255.85	255.95	44.00	14632.00
2016/05/30	21:42	256.05	256.05	255.95	255.95	18.00	14638.00
2016/05/30	21:43	256.00	256.05	255.95	255.95	18.00	14626.00
2016/05/30	21:44	256.00	256.00	255.90	255.90	22.00	14632.00
2016/05/30	21:45	255.90	255.95	255.90	255.95	8.00	14628.00
2016/05/30	21:46	256.00	256.00	255.95	256.00	14.00	14624.00
2016/05/30	21:47	256.05	256.05	256.05	256.05	20.00	14604.00
2016/05/30	21:48	256.00	256.00	256.00	256.00	8.00	14602.00
2016/05/30	21:49	256.00	256.00	255.95	255.95	24.00	14594.00
2016/05/30	21:50	256.00	256.00	256.00	256.00	20.00	14578.00
2016/05/30	21:51	255.90	255.90	255.90	255.90	6.00	14574.00
2016/05/30	21:52	255.90	255.90	255.90	255.90	2.00	14574.00
2016/05/30	21:53	255.90	255.95	255.85	255.95	6.00	14574.00
2016/05/30	21:54	255.90	255.90	255.85	255.85	46.00	14548.00
2016/05/30	21:55	255.80	255.80	255.80	255.80	4.00	14550.00
2016/05/30	21:57	255.80	255.80	255.80	255.80	4.00	14546.00
2016/05/30	21:58	255.80	255.80	255.80	255.80	26.00	14520.00
2016/05/30	21:59	255.80	255.80	255.75	255.75	16.00	14514.00
2016/05/30	22:00	255.75	255.80	255.70	255.70	8.00	14514.00
2016/05/30	22:01	255.75	255.75	255.65	255.65	32.00	14510.00
2016/05/30	22:02	255.70	255.75	255.70	255.75	12.00	14500.00
2016/05/30	22:04	255.80	255.80	255.80	255.80	8.00	14492.00
2016/05/30	22:05	255.80	255.80	255.70	255.70	26.00	14496.00
2016/05/30	22:06	255.70	255.70	255.70	255.70	6.00	14500.00
2016/05/30	22:07	255.70	255.70	255.70	255.70	4.00	14502.00
2016/05/30	22:08	255.75	255.75	255.75	255.75	26.00	14486.00
2016/05/30	22:09	255.75	255.80	255.75	255.80	14.00	14486.00
2016/05/30	22:10	255.80	255.85	255.80	255.85	14.00	14482.00
2016/05/30	22:11	255.80	255.80	255.60	255.70	72.00	14454.00
2016/05/30	22:12	255.60	255.70	255.55	255.70	30.00	14454.00
2016/05/30	22:13	255.70	255.70	255.70	255.70	2.00	14452.00
2016/05/30	22:15	255.80	256.00	255.80	256.00	32.00	14434.00
2016/05/30	22:16	255.90	256.00	255.90	256.00	20.00	14448.00
2016/05/30	22:17	255.90	256.00	255.90	255.95	40.00	14444.00
2016/05/30	22:18	256.00	256.00	255.90	255.95	108.00	14424.00
2016/05/30	22:19	256.00	256.00	255.95	255.95	32.00	14410.00
2016/05/30	22:22	255.80	255.85	255.75	255.85	12.00	14410.00
2016/05/30	22:23	255.85	255.85	255.85	255.85	2.00	14408.00
2016/05/30	22:25	255.75	255.75	255.75	255.75	2.00	14406.00
2016/05/30	22:27	255.70	255.70	255.65	255.65	10.00	14404.00
2016/05/30	22:28	255.70	255.70	255.70	255.70	2.00	14402.00
2016/05/30	22:29	255.70	255.85	255.70	255.85	24.00	14418.00
2016/05/30	22:32	255.80	255.85	255.80	255.85	22.00	14418.00
2016/05/30	22:34	255.70	255.75	255.65	255.75	62.00	14398.00
2016/05/30	22:35	255.75	255.75	255.75	255.75	18.00	14390.00
2016/05/30	22:37	255.70	255.70	255.70	255.70	2.00	14390.00
2016/05/30	22:38	255.70	255.70	255.65	255.65	8.00	14392.00
2016/05/30	22:40	255.60	255.60	255.60	255.60	6.00	14392.00
2016/05/30	22:41	255.55	255.55	255.55	255.55	6.00	14390.00
2016/05/30	22:42	255.55	255.70	255.55	255.70	52.00	14376.00
2016/05/30	22:43	255.80	255.90	255.65	255.75	190.00	14358.00
2016/05/30	22:44	255.75	255.75	255.75	255.75	6.00	14364.00
2016/05/30	22:45	255.80	255.80	255.80	255.80	2.00	14362.00
2016/05/30	22:46	255.85	255.85	255.85	255.85	10.00	14370.00
2016/05/30	22:47	255.95	255.95	255.95	255.95	2.00	14370.00
2016/05/30	22:48	255.80	255.85	255.80	255.85	8.00	14362.00
2016/05/30	22:50	255.80	255.80	255.70	255.75	30.00	14360.00
2016/05/30	22:51	255.75	255.75	255.75	255.75	6.00	14360.00
2016/05/30	22:52	255.80	255.80	255.75	255.75	8.00	14354.00
2016/05/30	22:55	255.80	255.80	255.80	255.80	6.00	14356.00
2016/05/30	22:56	255.75	255.75	255.75	255.75	4.00	14352.00
2016/05/30	22:59	255.80	255.80	255.75	255.75	8.00	14352.00
2016/05/30	23:00	255.75	255.75	255.70	255.70	6.00	14354.00
2016/05/30	23:01	255.70	255.70	255.70	255.70	8.00	14354.00
2016/05/30	23:02	255.65	255.65	255.65	255.65	14.00	14358.00
2016/05/30	23:03	255.65	255.65	255.65	255.65	4.00	14356.00
2016/05/30	23:07	255.70	255.70	255.70	255.70	2.00	14356.00
2016/05/30	23:09	255.70	255.70	255.70	255.70	4.00	14354.00
2016/05/30	23:11	255.65	255.70	255.65	255.70	6.00	14354.00
2016/05/30	23:12	255.60	255.60	255.60	255.60	2.00	14356.00
2016/05/30	23:13	255.65	255.65	255.65	255.65	4.00	14360.00
2016/05/30	23:14	255.65	255.70	255.65	255.70	12.00	14352.00
2016/05/30	23:15	255.70	255.80	255.65	255.80	70.00	14342.00
2016/05/30	23:16	255.80	255.80	255.65	255.75	78.00	14320.00
2016/05/30	23:17	255.80	255.85	255.80	255.85	64.00	14312.00
2016/05/30	23:18	255.85	255.95	255.85	255.95	30.00	14308.00
2016/05/30	23:20	255.85	255.90	255.85	255.85	20.00	14302.00
2016/05/30	23:22	255.80	255.80	255.80	255.80	6.00	14302.00
2016/05/30	23:23	255.75	255.75	255.75	255.75	4.00	14302.00
2016/05/30	23:26	255.80	255.80	255.80	255.80	4.00	14302.00
2016/05/30	23:27	255.85	255.85	255.85	255.85	2.00	14304.00
2016/05/30	23:28	255.85	255.85	255.85	255.85	2.00	14306.00
2016/05/30	23:29	255.85	255.90	255.85	255.90	22.00	14304.00
2016/05/30	23:30	255.90	255.95	255.90	255.95	10.00	14304.00
2016/05/30	23:32	255.95	255.95	255.95	255.95	4.00	14304.00
2016/05/30	23:35	256.00	256.00	256.00	256.00	4.00	14308.00
2016/05/30	23:36	255.90	255.90	255.90	255.90	2.00	14308.00
2016/05/30	23:37	255.90	255.90	255.90	255.90	2.00	14308.00
2016/05/30	23:38	255.95	256.00	255.95	256.00	8.00	14314.00
2016/05/30	23:39	255.90	255.90	255.90	255.90	2.00	14314.00
2016/05/30	23:40	255.90	255.90	255.90	255.90	2.00	14312.00
2016/05/30	23:42	255.90	256.00	255.90	256.00	4.00	14312.00
2016/05/30	23:45	256.00	256.00	255.90	255.90	10.00	14312.00
2016/05/30	23:46	255.85	255.85	255.80	255.80	12.00	14320.00
2016/05/30	23:47	255.80	255.80	255.80	255.80	4.00	14320.00
2016/05/30	23:48	255.85	255.85	255.85	255.85	12.00	14314.00
2016/05/30	23:50	255.75	255.75	255.75	255.75	34.00	14288.00
2016/05/30	23:52	255.75	255.75	255.70	255.75	18.00	14278.00
2016/05/30	23:53	255.70	255.70	255.70	255.70	8.00	14280.00
2016/05/30	23:54	255.65	255.70	255.65	255.70	32.00	14286.00
2016/05/30	23:55	255.75	255.75	255.70	255.70	10.00	14278.00
2016/05/30	23:56	255.70	255.70	255.65	255.70	76.00	14218.00
2016/05/30	23:57	255.65	255.70	255.65	255.70	12.00	14218.00
2016/05/30	23:59	255.70	255.70	255.70	255.70	2.00	14218.00
2016/05/31	00:02	255.65	255.65	255.65	255.65	6.00	14212.00
2016/05/31	00:05	255.70	255.70	255.65	255.65	8.00	14216.00
2016/05/31	00:08	255.60	255.65	255.60	255.65	122.00	14118.00
2016/05/31	00:09	255.65	255.65	255.65	255.65	2.00	14116.00
2016/05/31	00:10	255.65	255.65	255.65	255.65	4.00	14116.00
2016/05/31	00:13	255.65	255.65	255.65	255.65	6.00	14110.00
2016/05/31	00:14	255.55	255.60	255.55	255.60	26.00	14088.00
2016/05/31	00:15	255.65	255.65	255.65	255.65	2.00	14086.00
2016/05/31	00:16	255.60	255.60	255.60	255.60	16.00	14070.00
2016/05/31	00:17	255.60	255.60	255.60	255.60	20.00	14054.00
2016/05/31	00:18	255.60	255.60	255.60	255.60	2.00	14052.00
2016/05/31	00:20	255.55	255.55	255.50	255.50	36.00	14024.00
2016/05/31	00:21	255.50	255.50	255.50	255.50	16.00	14018.00
2016/05/31	00:22	255.50	255.50	255.50	255.50	12.00	14006.00
2016/05/31	00:23	255.50	255.50	255.45	255.45	38.00	13990.00
2016/05/31	00:24	255.45	255.45	255.45	255.45	6.00	13984.00
2016/05/31	00:25	255.35	255.40	255.35	255.40	32.00	13964.00
2016/05/31	00:27	255.35	255.35	255.35	255.35	6.00	13962.00
2016/05/31	00:28	255.35	255.35	255.35	255.35	12.00	13950.00
2016/05/31	00:29	255.35	255.35	255.30	255.30	8.00	13942.00
2016/05/31	00:30	255.35	255.35	255.30	255.30	32.00	13940.00
2016/05/31	00:32	255.35	255.35	255.35	255.35	6.00	13934.00
2016/05/31	00:33	255.35	255.35	255.35	255.35	6.00	13928.00
2016/05/31	00:34	255.35	255.35	255.35	255.35	2.00	13926.00
2016/05/31	00:35	255.40	255.40	255.40	255.40	20.00	13914.00
2016/05/31	00:36	255.35	255.40	255.35	255.40	18.00	13916.00
2016/05/31	00:38	255.40	255.45	255.40	255.45	10.00	13908.00
2016/05/31	00:39	255.45	255.45	255.35	255.40	10.00	13910.00
2016/05/31	00:40	255.35	255.35	255.35	255.35	2.00	13912.00
2016/05/31	00:44	255.45	255.45	255.25	255.25	14.00	13910.00
2016/05/31	00:45	255.25	255.25	255.25	255.25	4.00	13912.00
2016/05/31	00:54	255.35	255.35	255.35	255.35	2.00	13912.00
2016/05/31	00:56	255.20	255.20	255.20	255.20	2.00	13912.00
2016/05/31	00:59	255.20	255.20	255.20	255.20	4.00	13910.00
2016/05/31	01:00	255.10	255.20	255.05	255.05	20.00	13902.00
2016/05/31	01:02	255.15	255.25	255.15	255.20	14.00	13890.00
2016/05/31	01:07	255.15	255.30	255.15	255.30	4.00	13888.00
2016/05/31	01:11	255.30	255.30	255.30	255.30	6.00	13890.00
2016/05/31	01:13	255.10	255.10	255.10	255.10	2.00	13890.00
2016/05/31	01:14	255.20	255.20	255.20	255.20	2.00	13890.00
2016/05/31	01:15	255.30	255.30	255.30	255.30	2.00	13888.00
2016/05/31	01:25	255.25	255.25	255.25	255.25	2.00	13886.00
2016/05/31	01:27	255.25	255.25	255.25	255.25	10.00	13884.00
2016/05/31	01:33	255.30	255.30	255.30	255.30	4.00	13882.00
2016/05/31	01:36	255.40	255.40	255.35	255.35	20.00	13876.00
2016/05/31	01:37	255.40	255.40	255.40	255.40	10.00	13874.00
2016/05/31	01:38	255.40	255.40	255.40	255.40	6.00	13880.00
2016/05/31	01:42	255.35	255.35	255.35	255.35	4.00	13876.00
2016/05/31	01:47	255.35	255.35	255.35	255.35	6.00	13870.00
2016/05/31	01:50	255.45	255.45	255.45	255.45	6.00	13876.00
2016/05/31	01:52	255.40	255.40	255.40	255.40	4.00	13876.00
2016/05/31	01:54	255.40	255.40	255.40	255.40	6.00	13874.00
2016/05/31	02:03	255.40	255.40	255.40	255.40	8.00	13872.00
2016/05/31	02:07	255.40	255.40	255.40	255.40	2.00	13870.00
2016/05/31	02:08	255.40	255.40	255.40	255.40	2.00	13868.00
2016/05/31	02:14	255.40	255.40	255.40	255.40	2.00	13866.00
2016/05/31	02:24	255.40	255.40	255.40	255.40	2.00	13864.00
2016/05/31	02:25	255.30	255.30	255.30	255.30	2.00	13866.00
2016/05/31	02:26	255.40	255.40	255.40	255.40	6.00	13860.00
2016/05/31	02:29	255.30	255.30	255.30	255.30	2.00	13860.00
2016/05/31	02:30	255.45	255.50	255.45	255.50	54.00	13810.00
2016/05/31	09:01	256.20	256.45	255.90	255.95	1026.00	13548.00
2016/05/31	09:02	255.95	256.00	255.75	255.85	146.00	13454.00
2016/05/31	09:03	255.90	256.00	255.90	255.95	70.00	13412.00
2016/05/31	09:04	256.00	256.10	256.00	256.10	60.00	13370.00
2016/05/31	09:05	256.10	256.10	256.05	256.10	90.00	13296.00
2016/05/31	09:06	256.10	256.10	256.10	256.10	4.00	13294.00
2016/05/31	09:07	256.05	256.05	256.00	256.00	34.00	13272.00
2016/05/31	09:08	256.05	256.05	255.95	255.95	20.00	13258.00
2016/05/31	09:09	255.95	255.95	255.95	255.95	16.00	13244.00
2016/05/31	09:10	255.95	256.00	255.95	256.00	112.00	13152.00
2016/05/31	09:11	256.00	256.05	256.00	256.05	60.00	13096.00
2016/05/31	09:12	256.10	256.10	256.05	256.05	20.00	13080.00
2016/05/31	09:13	256.05	256.05	256.05	256.05	20.00	13062.00
2016/05/31	09:14	256.10	256.20	256.05	256.20	28.00	13052.00
2016/05/31	09:15	256.20	256.50	256.20	256.35	144.00	12968.00
2016/05/31	09:16	256.35	256.50	256.35	256.40	92.00	12896.00
2016/05/31	09:17	256.50	256.50	256.50	256.50	14.00	12890.00
2016/05/31	09:18	256.50	256.50	256.45	256.45	38.00	12860.00
2016/05/31	09:19	256.45	256.45	256.40	256.40	64.00	12810.00
2016/05/31	09:20	256.40	256.45	256.40	256.40	10.00	12804.00
2016/05/31	09:21	256.45	256.45	256.45	256.45	8.00	12802.00
2016/05/31	09:22	256.45	256.50	256.45	256.50	12.00	12796.00
2016/05/31	09:23	256.55	256.65	256.55	256.60	54.00	12792.00
2016/05/31	09:24	256.65	256.65	256.60	256.60	54.00	12744.00
2016/05/31	09:25	256.65	256.70	256.55	256.55	42.00	12726.00
2016/05/31	09:27	256.60	256.60	256.55	256.55	38.00	12722.00
2016/05/31	09:29	256.50	256.55	256.50	256.55	8.00	12722.00
2016/05/31	09:30	256.55	256.55	256.55	256.55	16.00	12724.00
2016/05/31	09:31	256.55	256.65	256.55	256.65	54.00	12688.00
2016/05/31	09:32	256.60	256.65	256.55	256.60	18.00	12680.00
2016/05/31	09:34	256.60	256.60	256.60	256.60	8.00	12676.00
2016/05/31	09:35	256.55	256.55	256.55	256.55	12.00	12668.00
2016/05/31	09:36	256.55	256.60	256.55	256.60	28.00	12658.00
2016/05/31	09:37	256.60	256.60	256.55	256.55	26.00	12632.00
2016/05/31	09:38	256.55	256.55	256.55	256.55	10.00	12622.00
2016/05/31	09:39	256.55	256.55	256.55	256.55	16.00	12622.00
2016/05/31	09:40	256.60	256.65	256.55	256.60	32.00	12606.00
2016/05/31	09:41	256.60	256.60	256.60	256.60	4.00	12602.00
2016/05/31	09:42	256.60	256.60	256.60	256.60	14.00	12596.00
2016/05/31	09:43	256.65	256.65	256.65	256.65	10.00	12586.00
2016/05/31	09:44	256.65	256.65	256.65	256.65	10.00	12582.00
2016/05/31	09:45	256.65	256.65	256.65	256.65	4.00	12578.00
2016/05/31	09:46	256.65	256.70	256.65	256.70	14.00	12566.00
2016/05/31	09:47	256.65	256.75	256.65	256.75	20.00	12558.00
2016/05/31	09:48	256.75	256.80	256.75	256.80	20.00	12564.00
2016/05/31	09:49	256.80	256.80	256.80	256.80	4.00	12566.00
2016/05/31	09:50	256.80	256.80	256.80	256.80	10.00	12566.00
2016/05/31	09:51	256.80	256.80	256.75	256.80	28.00	12546.00
2016/05/31	09:52	256.80	256.80	256.80	256.80	28.00	12520.00
2016/05/31	09:53	256.80	256.80	256.80	256.80	10.00	12516.00
2016/05/31	09:54	256.80	256.80	256.80	256.80	20.00	12516.00
2016/05/31	09:55	256.80	256.80	256.80	256.80	10.00	12506.00
2016/05/31	09:57	256.80	256.80	256.80	256.80	6.00	12506.00
2016/05/31	09:58	256.80	256.80	256.75	256.75	8.00	12498.00
2016/05/31	09:59	256.75	256.75	256.75	256.75	4.00	12494.00
2016/05/31	10:00	256.75	256.75	256.75	256.75	2.00	12494.00
2016/05/31	10:01	256.75	256.90	256.75	256.90	124.00	12406.00
2016/05/31	10:02	256.95	257.05	256.95	257.05	174.00	12278.00
2016/05/31	10:03	257.05	257.30	257.05	257.30	132.00	12204.00
2016/05/31	10:04	257.30	257.75	257.10	257.30	210.00	12106.00
2016/05/31	10:05	257.35	257.35	257.25	257.25	20.00	12092.00
2016/05/31	10:06	257.25	257.25	257.25	257.25	18.00	12080.00
2016/05/31	10:07	257.25	257.25	257.20	257.20	60.00	12038.00
2016/05/31	10:08	257.25	258.00	257.25	257.80	428.00	11770.00
2016/05/31	10:09	257.85	257.95	257.40	257.40	164.00	11660.00
2016/05/31	10:10	257.40	257.40	257.35	257.40	30.00	11638.00
2016/05/31	10:11	257.40	257.40	257.40	257.40	16.00	11622.00
2016/05/31	10:12	257.35	257.35	257.35	257.35	28.00	11600.00
2016/05/31	10:13	257.20	257.30	257.20	257.25	10.00	11594.00
2016/05/31	10:14	257.25	257.25	257.25	257.25	16.00	11590.00
2016/05/31	10:15	257.15	257.35	257.15	257.20	26.00	11568.00
2016/05/31	10:31	257.10	257.15	257.05	257.10	26.00	11560.00
2016/05/31	10:32	257.15	257.25	257.15	257.20	16.00	11556.00
2016/05/31	10:33	257.20	257.20	257.15	257.15	10.00	11552.00
2016/05/31	10:34	257.10	257.20	257.10	257.20	20.00	11542.00
2016/05/31	10:35	257.20	257.20	257.15	257.15	4.00	11540.00
2016/05/31	10:36	257.15	257.15	257.15	257.15	2.00	11538.00
2016/05/31	10:37	257.10	257.15	257.00	257.05	82.00	11474.00
2016/05/31	10:38	257.05	257.05	256.95	256.95	18.00	11464.00
2016/05/31	10:39	256.90	256.90	256.90	256.90	32.00	11444.00
2016/05/31	10:40	256.90	256.90	256.85	256.85	36.00	11414.00
2016/05/31	10:41	256.85	256.90	256.85	256.90	34.00	11400.00
2016/05/31	10:42	256.90	256.90	256.85	256.85	62.00	11350.00
2016/05/31	10:43	256.80	256.85	256.80	256.85	52.00	11316.00
2016/05/31	10:44	256.80	256.80	256.80	256.80	6.00	11314.00
2016/05/31	10:45	256.90	257.30	256.90	257.30	160.00	11180.00
2016/05/31	10:46	257.00	257.35	257.00	257.00	102.00	11126.00
2016/05/31	10:47	256.95	256.95	256.90	256.90	14.00	11120.00
2016/05/31	10:48	256.95	257.35	256.90	257.30	278.00	11008.00
2016/05/31	10:49	257.15	257.50	257.15	257.25	234.00	10886.00
2016/05/31	10:50	257.25	257.25	257.25	257.25	6.00	10886.00
2016/05/31	10:51	257.25	257.45	257.20	257.45	110.00	10842.00
2016/05/31	10:52	257.45	257.45	257.20	257.20	206.00	10718.00
2016/05/31	10:53	257.20	257.30	257.20	257.30	26.00	10692.00
2016/05/31	10:54	257.20	257.30	257.20	257.20	12.00	10696.00
2016/05/31	10:55	257.20	257.30	257.05	257.05	104.00	10632.00
2016/05/31	10:56	257.25	257.25	257.15	257.15	22.00	10618.00
2016/05/31	10:57	257.15	257.20	257.15	257.20	10.00	10616.00
2016/05/31	10:58	257.15	257.15	257.15	257.15	128.00	10494.00
2016/05/31	10:59	257.20	257.20	257.15	257.15	10.00	10488.00
2016/05/31	11:01	257.20	257.20	257.20	257.20	42.00	10448.00
2016/05/31	11:02	257.20	257.20	257.20	257.20	22.00	10426.00
2016/05/31	11:03	257.25	257.25	257.15	257.15	76.00	10378.00
2016/05/31	11:04	257.20	257.20	257.10	257.20	24.00	10356.00
2016/05/31	11:05	257.15	257.15	257.15	257.15	60.00	10316.00
2016/05/31	11:06	257.15	257.20	257.15	257.15	24.00	10302.00
2016/05/31	11:07	257.20	257.20	257.15	257.15	114.00	10206.00
2016/05/31	11:08	257.15	257.20	257.15	257.20	66.00	10144.00
2016/05/31	11:09	257.15	257.20	257.15	257.20	14.00	10130.00
2016/05/31	11:10	257.15	257.20	257.15	257.15	44.00	10086.00
2016/05/31	11:11	257.20	257.20	257.20	257.20	16.00	10070.00
2016/05/31	11:12	257.15	257.15	257.15	257.15	14.00	10056.00
2016/05/31	11:13	257.15	257.15	257.15	257.15	20.00	10036.00
2016/05/31	11:14	257.15	257.20	257.15	257.20	14.00	10026.00
2016/05/31	11:15	257.20	257.20	257.20	257.20	22.00	10004.00
2016/05/31	11:16	257.15	257.15	257.15	257.15	16.00	9988.00
2016/05/31	11:17	257.05	257.05	257.05	257.05	2.00	9990.00
2016/05/31	11:18	257.15	257.15	257.05	257.05	10.00	9986.00
2016/05/31	11:19	257.00	257.00	257.00	257.00	14.00	9980.00
2016/05/31	11:20	257.00	257.00	257.00	257.00	2.00	9982.00
2016/05/31	11:21	257.10	257.10	257.10	257.10	4.00	9982.00
2016/05/31	11:22	257.00	257.00	256.95	256.95	6.00	9980.00
2016/05/31	11:23	257.00	257.00	256.95	257.00	34.00	9958.00
2016/05/31	11:24	257.00	257.00	257.00	257.00	2.00	9956.00
2016/05/31	11:25	257.00	257.00	257.00	257.00	10.00	9956.00
2016/05/31	11:26	257.10	257.10	257.10	257.10	2.00	9954.00
2016/05/31	11:27	257.10	257.10	257.05	257.05	8.00	9954.00
2016/05/31	11:30	257.10	257.20	257.05	257.20	42.00	9942.00
2016/05/31	13:31	257.20	257.20	257.10	257.10	20.00	9930.00
2016/05/31	13:32	257.10	257.15	257.00	257.00	20.00	9924.00
2016/05/31	13:33	257.00	257.15	256.80	256.95	56.00	9924.00
2016/05/31	13:34	256.95	257.10	256.95	257.05	124.00	9826.00
2016/05/31	13:35	256.90	257.10	256.90	256.95	12.00	9818.00
2016/05/31	13:36	257.00	257.05	256.85	256.90	18.00	9806.00
2016/05/31	13:37	257.05	257.05	256.90	257.00	6.00	9804.00
2016/05/31	13:38	257.00	257.00	256.90	256.90	12.00	9796.00
2016/05/31	13:40	257.05	257.15	257.00	257.00	44.00	9758.00
2016/05/31	13:42	257.00	257.00	257.00	257.00	2.00	9756.00
2016/05/31	13:43	257.00	257.00	257.00	257.00	2.00	9754.00
2016/05/31	13:45	257.00	257.00	257.00	257.00	2.00	9752.00
2016/05/31	13:46	257.15	257.15	257.05	257.05	4.00	9750.00
2016/05/31	13:47	257.00	257.00	257.00	257.00	2.00	9748.00
2016/05/31	13:48	256.95	256.95	256.95	256.95	4.00	9744.00
2016/05/31	13:49	257.10	257.10	257.00	257.10	30.00	9718.00
2016/05/31	13:50	257.10	257.10	257.10	257.10	4.00	9716.00
2016/05/31	13:51	257.15	257.20	257.10	257.10	14.00	9706.00
2016/05/31	13:52	257.05	257.05	257.05	257.05	8.00	9698.00
2016/05/31	13:53	257.10	257.10	257.05	257.05	4.00	9694.00
2016/05/31	13:55	257.00	257.00	257.00	257.00	10.00	9684.00
2016/05/31	13:56	257.00	257.00	257.00	257.00	10.00	9674.00
2016/05/31	13:57	256.90	257.00	256.90	257.00	8.00	9670.00
2016/05/31	13:58	257.00	257.00	256.85	256.85	62.00	9640.00
2016/05/31	13:59	256.85	256.90	256.70	256.70	26.00	9632.00
2016/05/31	14:00	256.80	256.95	256.70	256.95	16.00	9630.00
2016/05/31	14:01	256.85	256.95	256.85	256.95	4.00	9630.00
2016/05/31	14:02	257.00	257.00	256.85	256.85	16.00	9618.00
2016/05/31	14:03	256.90	256.95	256.85	256.95	8.00	9614.00
2016/05/31	14:04	256.90	257.00	256.80	257.00	14.00	9606.00
2016/05/31	14:05	257.00	257.00	256.80	256.80	22.00	9596.00
2016/05/31	14:06	256.80	256.90	256.80	256.80	22.00	9578.00
2016/05/31	14:07	256.95	256.95	256.85	256.95	26.00	9562.00
2016/05/31	14:08	256.90	256.95	256.85	256.95	20.00	9542.00
2016/05/31	14:09	257.00	257.00	257.00	257.00	4.00	9538.00
2016/05/31	14:10	256.90	256.90	256.80	256.80	28.00	9514.00
2016/05/31	14:11	256.80	256.90	256.80	256.90	10.00	9504.00
2016/05/31	14:12	256.80	257.05	256.80	257.05	6.00	9498.00
2016/05/31	14:13	257.05	257.05	257.05	257.05	4.00	9496.00
2016/05/31	14:14	257.15	257.15	256.95	256.95	6.00	9494.00
2016/05/31	14:15	256.90	257.10	256.90	257.10	8.00	9496.00
2016/05/31	14:16	256.90	256.90	256.85	256.90	8.00	9498.00
2016/05/31	14:17	256.95	256.95	256.95	256.95	2.00	9496.00
2016/05/31	14:18	256.95	257.00	256.95	257.00	10.00	9490.00
2016/05/31	14:19	257.00	257.00	256.95	256.95	10.00	9484.00
2016/05/31	14:20	256.95	257.10	256.95	257.10	6.00	9480.00
2016/05/31	14:21	257.00	257.10	256.90	256.90	8.00	9474.00
2016/05/31	14:22	256.90	256.90	256.90	256.90	66.00	9408.00
2016/05/31	14:23	256.85	257.05	256.85	257.05	18.00	9400.00
2016/05/31	14:24	257.00	257.00	256.80	256.80	12.00	9394.00
2016/05/31	14:25	256.90	256.90	256.85	256.90	8.00	9390.00
2016/05/31	14:26	256.90	256.95	256.90	256.95	8.00	9384.00
2016/05/31	14:27	256.90	256.95	256.90	256.95	8.00	9380.00
2016/05/31	14:30	256.90	256.95	256.85	256.85	12.00	9372.00
2016/05/31	14:31	256.65	256.85	256.20	256.85	172.00	9310.00
2016/05/31	14:32	256.70	256.80	256.70	256.80	10.00	9304.00
2016/05/31	14:33	256.70	256.70	256.70	256.70	4.00	9300.00
2016/05/31	14:34	256.85	256.95	256.80	256.95	16.00	9292.00
2016/05/31	14:35	256.80	257.00	256.80	256.80	8.00	9284.00
2016/05/31	14:36	256.85	256.85	256.80	256.80	8.00	9284.00
2016/05/31	14:37	256.85	256.90	256.75	256.75	24.00	9270.00
2016/05/31	14:38	256.70	256.90	256.70	256.75	28.00	9254.00
2016/05/31	14:39	256.70	256.70	256.65	256.65	52.00	9204.00
2016/05/31	14:40	256.80	256.80	256.65	256.75	54.00	9200.00
2016/05/31	14:41	256.70	256.90	256.70	256.75	54.00	9148.00
2016/05/31	14:42	256.65	256.65	256.65	256.65	2.00	9146.00
2016/05/31	14:44	256.75	256.75	256.75	256.75	2.00	9146.00
2016/05/31	14:45	256.75	256.80	256.75	256.80	4.00	9144.00
2016/05/31	14:46	256.75	256.80	256.75	256.75	28.00	9118.00
2016/05/31	14:47	256.75	256.75	256.70	256.75	30.00	9092.00
2016/05/31	14:48	256.75	256.75	256.75	256.75	18.00	9074.00
2016/05/31	14:49	256.75	256.80	256.75	256.75	38.00	9044.00
2016/05/31	14:50	256.80	256.90	256.80	256.90	16.00	9028.00
2016/05/31	14:51	256.90	256.90	256.80	256.85	8.00	9020.00
2016/05/31	14:52	256.90	256.90	256.80	256.90	16.00	9006.00
2016/05/31	14:53	256.70	257.00	256.70	257.00	28.00	8990.00
2016/05/31	14:54	257.00	257.00	256.75	256.75	14.00	8992.00
2016/05/31	14:55	256.75	256.75	256.75	256.75	4.00	8988.00
2016/05/31	14:56	256.95	256.95	256.70	256.75	10.00	8982.00
2016/05/31	14:57	256.75	256.90	256.70	256.90	14.00	8970.00
2016/05/31	14:58	257.00	257.30	257.00	257.30	46.00	8954.00
2016/05/31	14:59	257.10	257.25	256.95	257.25	18.00	8950.00
2016/05/31	15:00	256.95	257.20	256.90	256.95	18.00	8936.00
2016/05/31	21:02	256.95	256.95	256.60	256.60	12.00	8942.00
2016/05/31	21:03	256.85	256.85	256.85	256.85	6.00	8942.00
2016/05/31	21:04	256.90	256.90	256.90	256.90	24.00	8930.00
2016/05/31	21:08	256.65	256.65	256.65	256.65	12.00	8942.00
2016/05/31	21:09	256.90	256.90	256.90	256.90	6.00	8936.00
2016/05/31	21:10	256.65	256.65	256.60	256.60	30.00	8942.00
2016/05/31	21:11	256.60	256.60	256.60	256.60	12.00	8936.00
2016/05/31	21:12	256.75	256.75	256.75	256.75	6.00	8930.00
2016/05/31	21:14	256.75	256.75	256.75	256.75	6.00	8924.00
2016/05/31	21:15	256.90	256.90	256.90	256.90	6.00	8918.00
2016/05/31	21:16	256.90	257.00	256.65	256.65	30.00	8906.00
2016/05/31	21:17	257.25	257.30	257.25	257.30	12.00	8894.00
2016/05/31	21:31	256.80	256.80	256.80	256.80	6.00	8888.00
2016/05/31	21:34	256.70	256.70	256.60	256.60	24.00	8888.00
2016/05/31	21:37	256.75	256.75	256.75	256.75	12.00	8876.00
2016/05/31	21:38	256.60	256.60	256.60	256.60	36.00	8852.00
2016/05/31	21:44	256.95	256.95	256.95	256.95	6.00	8846.00
2016/05/31	21:46	256.95	256.95	256.95	256.95	6.00	8846.00
2016/05/31	21:59	256.95	256.95	256.95	256.95	6.00	8846.00
2016/05/31	22:01	256.95	257.15	256.95	257.15	12.00	8840.00
2016/05/31	22:02	257.05	257.05	257.05	257.05	6.00	8840.00
2016/05/31	22:03	257.25	257.30	257.25	257.30	12.00	8828.00
2016/05/31	22:04	257.40	257.40	257.15	257.15	12.00	8828.00
2016/05/31	22:05	257.60	257.60	257.60	257.60	12.00	8834.00
2016/05/31	22:06	257.50	257.50	257.50	257.50	6.00	8834.00
2016/05/31	22:09	257.40	257.40	257.40	257.40	6.00	8834.00
2016/05/31	22:23	257.35	257.35	257.35	257.35	12.00	8822.00
2016/05/31	22:47	257.40	257.40	257.40	257.40	6.00	8816.00
2016/05/31	22:51	257.15	257.15	257.15	257.15	12.00	8816.00
2016/05/31	23:06	257.15	257.15	257.15	257.15	6.00	8822.00
2016/05/31	23:17	257.30	257.30	257.30	257.30	60.00	8804.00
2016/05/31	23:26	256.90	256.90	256.90	256.90	60.00	8774.00
2016/05/31	23:39	257.00	257.00	257.00	257.00	6.00	8768.00
2016/06/01	00:03	257.35	257.35	257.35	257.35	6.00	8762.00
2016/06/01	00:50	257.35	257.35	257.35	257.35	6.00	8756.00
2016/06/01	00:51	257.60	257.60	257.60	257.60	18.00	8744.00
2016/06/01	01:00	257.10	257.65	257.10	257.65	12.00	8744.00
2016/06/01	01:15	257.00	257.00	257.00	257.00	18.00	8738.00
2016/06/01	01:29	257.30	257.30	257.30	257.30	6.00	8732.00
2016/06/01	01:44	257.30	257.30	257.30	257.30	12.00	8732.00
2016/06/01	01:58	257.30	257.30	257.30	257.30	6.00	8726.00
2016/06/01	02:00	257.35	257.35	257.35	257.35	6.00	8720.00
2016/06/01	02:04	257.60	257.60	257.60	257.60	6.00	8714.00
2016/06/01	02:05	257.65	257.65	257.65	257.65	18.00	8696.00
2016/06/01	09:01	257.85	258.10	257.85	258.10	18.00	8696.00
2016/06/01	09:02	257.85	257.85	257.85	257.85	60.00	8642.00
2016/06/01	09:09	258.20	258.20	258.20	258.20	12.00	8630.00
2016/06/01	09:10	258.20	258.20	258.20	258.20	12.00	8618.00
2016/06/01	09:11	258.25	258.25	258.10	258.10	12.00	8612.00
2016/06/01	09:17	258.25	258.45	258.25	258.45	12.00	8600.00
2016/06/01	09:19	258.45	258.45	258.45	258.45	6.00	8594.00
2016/06/01	09:26	258.20	258.20	258.20	258.20	6.00	8588.00
2016/06/01	09:30	258.45	258.45	258.45	258.45	6.00	8588.00
2016/06/01	09:31	258.20	258.20	258.20	258.20	18.00	8588.00
2016/06/01	09:39	258.30	258.30	258.30	258.30	6.00	8582.00
2016/06/01	09:40	258.40	258.40	258.40	258.40	6.00	8576.00
2016/06/01	09:41	258.45	258.45	258.45	258.45	18.00	8558.00
2016/06/01	09:45	258.45	258.45	258.45	258.45	6.00	8552.00
2016/06/01	09:51	258.30	258.30	258.30	258.30	6.00	8546.00
2016/06/01	09:52	258.30	258.30	258.30	258.30	6.00	8540.00
2016/06/01	09:53	258.30	258.30	258.30	258.30	24.00	8516.00
2016/06/01	09:54	258.50	258.50	258.50	258.50	84.00	8438.00
2016/06/01	10:02	258.30	258.30	258.30	258.30	24.00	8414.00
2016/06/01	10:03	258.30	258.30	258.30	258.30	54.00	8360.00
2016/06/01	10:05	258.30	258.30	258.30	258.30	6.00	8354.00
2016/06/01	10:08	258.15	258.15	258.15	258.15	12.00	8342.00
2016/06/01	10:11	258.20	258.20	258.20	258.20	6.00	8336.00
2016/06/01	10:14	258.15	258.15	258.15	258.15	48.00	8288.00
2016/06/01	10:31	258.10	258.10	258.10	258.10	6.00	8288.00
2016/06/01	10:32	258.10	258.10	258.10	258.10	14.00	8274.00
2016/06/01	10:37	258.00	258.00	258.00	258.00	6.00	8268.00
2016/06/01	10:38	258.10	258.10	258.10	258.10	24.00	8244.00
2016/06/01	10:39	258.10	258.15	258.10	258.15	30.00	8214.00
2016/06/01	10:45	258.15	258.15	258.15	258.15	30.00	8184.00
2016/06/01	10:49	258.15	258.15	258.15	258.15	6.00	8178.00
2016/06/01	10:50	258.20	258.20	258.20	258.20	6.00	8172.00
2016/06/01	10:53	258.00	258.00	258.00	258.00	6.00	8166.00
2016/06/01	10:59	258.00	258.00	258.00	258.00	6.00	8166.00
2016/06/01	11:00	258.00	258.00	258.00	258.00	6.00	8166.00
2016/06/01	11:04	257.65	257.65	257.65	257.65	18.00	8148.00
2016/06/01	11:05	257.65	257.65	257.65	257.65	6.00	8148.00
2016/06/01	11:12	257.65	257.65	257.65	257.65	6.00	8148.00
2016/06/01	11:13	257.65	257.65	257.65	257.65	6.00	8148.00
2016/06/01	11:17	257.50	257.50	257.50	257.50	60.00	8088.00
2016/06/01	13:31	257.70	257.70	257.70	257.70	12.00	8082.00
2016/06/01	13:36	258.00	258.00	258.00	258.00	6.00	8076.00
2016/06/01	13:37	258.05	258.15	258.05	258.15	54.00	8046.00
2016/06/01	13:38	258.15	258.15	258.15	258.15	18.00	8028.00
2016/06/01	13:44	258.00	258.00	258.00	258.00	18.00	8016.00
2016/06/01	13:46	257.95	257.95	257.95	257.95	6.00	8010.00
2016/06/01	14:00	257.85	257.85	257.85	257.85	6.00	8004.00
2016/06/01	14:01	257.80	257.80	257.80	257.80	6.00	8004.00
2016/06/01	14:02	257.40	257.40	257.40	257.40	54.00	7968.00
2016/06/01	14:03	257.50	257.50	257.50	257.50	36.00	7968.00
2016/06/01	14:06	257.60	257.60	257.60	257.60	36.00	7968.00
2016/06/01	14:11	257.70	257.70	257.70	257.70	6.00	7968.00
2016/06/01	14:19	257.55	257.55	257.55	257.55	6.00	7962.00
2016/06/01	14:20	257.60	257.60	257.60	257.60	6.00	7956.00
2016/06/01	14:23	257.60	257.60	257.60	257.60	30.00	7944.00
2016/06/01	14:25	257.60	257.60	257.60	257.60	6.00	7938.00
2016/06/01	14:28	257.45	257.45	257.45	257.45	6.00	7932.00
2016/06/01	14:29	257.40	257.40	257.40	257.40	30.00	7902.00
2016/06/01	14:30	257.40	257.40	257.40	257.40	12.00	7896.00
2016/06/01	14:34	257.45	257.45	257.45	257.45	6.00	7890.00
2016/06/01	14:35	257.45	257.45	257.45	257.45	18.00	7872.00
2016/06/01	14:37	257.40	257.40	257.40	257.40	6.00	7872.00
2016/06/01	14:39	257.45	257.45	257.45	257.45	6.00	7866.00
2016/06/01	14:40	257.45	257.45	257.45	257.45	6.00	7860.00
2016/06/01	14:44	257.50	257.50	257.50	257.50	6.00	7854.00
2016/06/01	14:47	257.85	257.85	257.85	257.85	6.00	7848.00
2016/06/01	14:48	257.90	257.90	257.45	257.45	12.00	7842.00
2016/06/01	14:50	257.65	257.65	257.65	257.65	6.00	7836.00
2016/06/01	14:51	257.90	257.90	257.90	257.90	12.00	7836.00
2016/06/01	14:52	257.95	257.95	257.95	257.95	6.00	7836.00
2016/06/01	14:53	257.95	257.95	257.95	257.95	12.00	7836.00
2016/06/01	14:54	258.00	258.00	257.95	257.95	24.00	7830.00
2016/06/01	14:55	257.95	257.95	257.95	257.95	6.00	7830.00
2016/06/01	14:58	257.65	257.65	257.65	257.65	6.00	7824.00
2016/06/01	21:06	258.00	258.00	258.00	258.00	6.00	7818.00
2016/06/01	21:07	258.00	258.00	258.00	258.00	12.00	7806.00
2016/06/01	21:08	257.80	257.80	257.80	257.80	12.00	7806.00
2016/06/01	21:09	257.75	257.75	257.75	257.75	12.00	7806.00
2016/06/01	21:10	257.70	257.70	257.65	257.65	24.00	7788.00
2016/06/01	21:19	257.60	257.60	257.60	257.60	12.00	7776.00
2016/06/01	21:20	257.55	257.55	257.20	257.20	90.00	7722.00
2016/06/01	21:21	257.25	257.25	257.25	257.25	6.00	7716.00
2016/06/01	21:26	257.45	257.45	257.45	257.45	6.00	7710.00
2016/06/01	21:27	257.35	257.35	257.35	257.35	12.00	7698.00
2016/06/01	21:28	257.30	257.30	257.20	257.20	54.00	7656.00
2016/06/01	21:29	257.25	257.25	257.25	257.25	6.00	7662.00
2016/06/01	21:30	257.30	257.30	257.25	257.25	18.00	7656.00
2016/06/01	21:59	257.25	257.25	257.25	257.25	6.00	7662.00
2016/06/01	22:00	257.50	257.50	257.50	257.50	6.00	7656.00
2016/06/01	22:01	257.40	257.40	257.00	257.00	90.00	7656.00
2016/06/01	22:02	257.35	257.35	257.25	257.25	18.00	7638.00
2016/06/01	22:03	257.25	257.25	257.15	257.15	18.00	7620.00
2016/06/01	22:04	257.20	257.20	256.95	256.95	12.00	7614.00
2016/06/01	22:09	257.05	257.05	257.05	257.05	6.00	7620.00
2016/06/01	22:10	256.90	256.90	256.85	256.85	12.00	7614.00
2016/06/01	22:11	256.95	256.95	256.90	256.90	18.00	7614.00
2016/06/01	22:13	257.25	257.25	257.25	257.25	6.00	7608.00
2016/06/01	22:14	257.25	257.25	257.25	257.25	6.00	7602.00
2016/06/01	22:19	257.25	257.25	257.25	257.25	12.00	7602.00
2016/06/01	22:47	256.90	256.90	256.80	256.80	18.00	7602.00
2016/06/01	23:09	256.60	256.60	256.60	256.60	12.00	7602.00
2016/06/01	23:13	256.80	256.85	256.80	256.85	12.00	7602.00
2016/06/01	23:33	257.05	257.05	257.05	257.05	12.00	7602.00
2016/06/01	23:59	256.40	256.40	256.40	256.40	6.00	7602.00
2016/06/02	00:00	256.35	256.35	256.35	256.35	6.00	7602.00
2016/06/02	00:08	256.10	256.10	256.10	256.10	6.00	7602.00
2016/06/02	00:10	256.05	256.05	256.05	256.05	6.00	7596.00
2016/06/02	00:13	256.40	256.40	256.40	256.40	60.00	7572.00
2016/06/02	00:15	256.40	256.40	256.25	256.25	132.00	7494.00
2016/06/02	00:16	256.40	256.40	256.40	256.40	60.00	7488.00
2016/06/02	00:23	256.20	256.20	256.20	256.20	18.00	7488.00
2016/06/02	00:25	256.20	256.20	256.20	256.20	6.00	7488.00
2016/06/02	00:43	256.20	256.20	256.20	256.20	12.00	7482.00
2016/06/02	01:25	257.05	257.05	257.05	257.05	6.00	7482.00
2016/06/02	01:32	257.55	257.55	257.55	257.55	12.00	7482.00
2016/06/02	01:58	257.05	257.05	257.05	257.05	6.00	7476.00
2016/06/02	09:03	257.20	257.20	257.20	257.20	6.00	7476.00
2016/06/02	09:04	256.95	256.95	256.95	256.95	12.00	7470.00
2016/06/02	09:05	257.00	257.00	257.00	257.00	6.00	7476.00
2016/06/02	09:06	256.85	256.95	256.85	256.95	18.00	7482.00
2016/06/02	09:07	256.90	256.90	256.90	256.90	6.00	7482.00
2016/06/02	09:08	257.00	257.00	257.00	257.00	12.00	7494.00
2016/06/02	09:14	256.80	256.80	256.80	256.80	24.00	7494.00
2016/06/02	09:40	257.00	257.00	257.00	257.00	12.00	7494.00
2016/06/02	09:41	257.00	257.00	257.00	257.00	6.00	7494.00
2016/06/02	09:43	257.00	257.00	257.00	257.00	42.00	7458.00
2016/06/02	09:44	257.00	257.00	256.95	256.95	12.00	7446.00
2016/06/02	09:45	256.95	256.95	256.95	256.95	6.00	7440.00
2016/06/02	09:50	257.30	257.30	257.30	257.30	6.00	7434.00
2016/06/02	09:55	257.20	257.20	257.20	257.20	6.00	7428.00
2016/06/02	10:33	257.35	257.35	257.35	257.35	12.00	7428.00
2016/06/02	10:37	257.20	257.55	257.20	257.55	18.00	7416.00
2016/06/02	10:38	257.55	257.55	257.55	257.55	6.00	7410.00
2016/06/02	10:45	257.40	257.40	257.40	257.40	18.00	7392.00
2016/06/02	10:48	257.35	257.35	257.35	257.35	18.00	7374.00
2016/06/02	10:49	257.35	257.35	257.35	257.35	18.00	7374.00
2016/06/02	11:24	257.40	257.40	257.40	257.40	6.00	7368.00
2016/06/02	13:42	257.40	257.40	257.40	257.40	12.00	7356.00
2016/06/02	13:43	257.35	257.35	257.35	257.35	12.00	7344.00
2016/06/02	13:46	257.35	257.35	257.35	257.35	18.00	7326.00
2016/06/02	13:47	257.30	257.30	257.30	257.30	6.00	7320.00
2016/06/02	13:48	257.05	257.05	257.00	257.00	18.00	7302.00
2016/06/02	13:49	257.00	257.00	257.00	257.00	12.00	7290.00
2016/06/02	14:20	257.40	257.40	257.40	257.40	12.00	7278.00
2016/06/02	14:22	257.25	257.25	257.25	257.25	6.00	7272.00
2016/06/02	14:39	257.55	257.55	257.55	257.55	12.00	7260.00
2016/06/02	14:40	257.35	257.35	257.35	257.35	6.00	7254.00
2016/06/02	14:44	257.45	257.45	257.45	257.45	6.00	7248.00
2016/06/02	14:45	257.50	257.55	257.50	257.55	48.00	7200.00
2016/06/02	14:46	257.60	257.60	257.60	257.60	12.00	7188.00
2016/06/02	14:47	257.80	257.80	257.80	257.80	6.00	7182.00
2016/06/02	14:49	257.90	257.90	257.90	257.90	6.00	7176.00
2016/06/02	14:57	257.90	257.90	257.90	257.90	6.00	7170.00
2016/06/02	21:09	257.10	257.10	257.10	257.10	6.00	7164.00
2016/06/02	21:11	257.00	257.00	256.90	256.90	12.00	7158.00
2016/06/02	21:19	256.90	256.90	256.90	256.90	6.00	7152.00
2016/06/02	21:21	256.90	256.90	256.90	256.90	6.00	7152.00
2016/06/02	21:23	256.75	256.75	256.75	256.75	6.00	7146.00
2016/06/02	21:40	256.80	256.80	256.75	256.75	18.00	7140.00
2016/06/02	22:53	256.80	256.80	256.80	256.80	6.00	7140.00
2016/06/02	23:03	256.75	256.75	256.75	256.75	24.00	7140.00
2016/06/02	23:13	256.80	256.80	256.80	256.80	6.00	7140.00
2016/06/03	00:11	257.35	257.35	257.35	257.35	6.00	7140.00
2016/06/03	00:13	257.35	257.35	257.30	257.30	12.00	7128.00
2016/06/03	00:14	257.30	257.30	257.30	257.30	12.00	7116.00
2016/06/03	00:35	257.00	257.00	257.00	257.00	6.00	7110.00
2016/06/03	00:36	257.00	257.00	257.00	257.00	6.00	7104.00
2016/06/03	00:38	257.00	257.00	257.00	257.00	12.00	7092.00
2016/06/03	00:46	257.25	257.25	257.25	257.25	6.00	7086.00
2016/06/03	00:49	257.25	257.25	257.25	257.25	18.00	7068.00
2016/06/03	00:56	256.90	256.90	256.90	256.90	6.00	7068.00
2016/06/03	00:57	256.85	256.85	256.85	256.85	12.00	7068.00
2016/06/03	02:28	256.90	256.90	256.90	256.90	12.00	7068.00
2016/06/03	09:01	256.75	256.75	256.70	256.70	66.00	7050.00
2016/06/03	09:04	256.80	256.80	256.80	256.80	6.00	7044.00
2016/06/03	09:15	256.90	256.90	256.80	256.80	36.00	7014.00
2016/06/03	09:35	256.85	256.85	256.85	256.85	6.00	7008.00
2016/06/03	09:42	256.80	256.80	256.80	256.80	30.00	6978.00
2016/06/03	09:47	256.85	256.85	256.85	256.85	6.00	6972.00
2016/06/03	09:48	256.80	256.80	256.80	256.80	24.00	6948.00
2016/06/03	09:50	256.80	256.80	256.80	256.80	6.00	6942.00
2016/06/03	10:10	257.10	257.15	257.10	257.10	18.00	6930.00
2016/06/03	10:11	257.05	257.05	257.05	257.05	6.00	6930.00
2016/06/03	10:12	257.05	257.05	257.05	257.05	6.00	6930.00
2016/06/03	10:13	257.00	257.00	257.00	257.00	12.00	6930.00
2016/06/03	10:14	257.00	257.00	257.00	257.00	6.00	6924.00
2016/06/03	10:15	256.95	256.95	256.95	256.95	6.00	6918.00
2016/06/03	10:32	256.90	256.90	256.90	256.90	6.00	6912.00
2016/06/03	10:33	257.00	257.00	257.00	257.00	6.00	6906.00
2016/06/03	10:35	256.90	256.90	256.90	256.90	6.00	6900.00
2016/06/03	10:37	256.90	256.90	256.90	256.90	6.00	6894.00
2016/06/03	10:43	256.95	256.95	256.95	256.95	6.00	6888.00
2016/06/03	10:53	257.00	257.00	257.00	257.00	6.00	6882.00
2016/06/03	10:54	256.95	256.95	256.95	256.95	6.00	6876.00
2016/06/03	11:13	256.95	256.95	256.95	256.95	6.00	6876.00
2016/06/03	11:22	256.90	256.90	256.90	256.90	6.00	6870.00
2016/06/03	11:28	256.85	256.85	256.85	256.85	6.00	6864.00
2016/06/03	13:52	257.25	257.50	257.25	257.50	60.00	6858.00
2016/06/03	13:53	257.20	257.20	257.20	257.20	12.00	6846.00
2016/06/03	13:54	257.10	257.10	257.10	257.10	12.00	6834.00
2016/06/03	13:56	257.10	257.10	257.10	257.10	18.00	6816.00
2016/06/03	13:57	257.10	257.10	257.10	257.10	6.00	6810.00
2016/06/03	14:00	257.10	257.10	257.10	257.10	6.00	6804.00
2016/06/03	14:02	257.00	257.10	257.00	257.10	36.00	6804.00
2016/06/03	14:11	256.95	256.95	256.95	256.95	60.00	6744.00
2016/06/03	14:13	256.95	256.95	256.95	256.95	54.00	6690.00
2016/06/03	14:14	256.95	256.95	256.95	256.95	6.00	6684.00
2016/06/03	14:18	256.85	256.85	256.85	256.85	6.00	6678.00
2016/06/03	14:26	257.00	257.00	257.00	257.00	24.00	6654.00
2016/06/03	14:27	257.00	257.00	257.00	257.00	36.00	6618.00
2016/06/03	14:28	257.05	257.05	257.05	257.05	12.00	6606.00
2016/06/03	14:29	257.05	257.15	257.05	257.15	24.00	6588.00
2016/06/03	14:40	257.10	257.10	257.10	257.10	30.00	6558.00
2016/06/03	14:43	257.10	257.10	257.10	257.10	6.00	6552.00
2016/06/03	14:56	257.05	257.05	257.05	257.05	6.00	6552.00
2016/06/03	14:57	257.05	257.65	257.05	257.65	66.00	6522.00
2016/06/03	14:58	257.50	257.50	257.50	257.50	12.00	6522.00
2016/06/03	21:01	262.05	262.05	261.00	261.55	24.00	6522.00
2016/06/03	21:02	261.15	261.50	261.15	261.15	42.00	6546.00
2016/06/03	21:03	261.80	262.65	261.80	262.65	84.00	6504.00
2016/06/03	21:04	262.35	262.75	262.35	262.70	60.00	6498.00
2016/06/03	21:05	262.65	262.65	261.95	262.45	84.00	6486.00
2016/06/03	21:06	262.45	262.70	262.40	262.40	48.00	6486.00
2016/06/03	21:07	262.30	262.30	262.30	262.30	18.00	6480.00
2016/06/03	21:08	262.00	262.00	261.80	261.80	24.00	6456.00
2016/06/03	21:09	262.30	262.30	262.30	262.30	102.00	6456.00
2016/06/03	21:10	262.00	262.00	261.80	261.80	48.00	6408.00
2016/06/03	21:12	262.45	262.45	262.45	262.45	12.00	6408.00
2016/06/03	21:13	262.25	262.30	262.25	262.30	12.00	6396.00
2016/06/03	21:14	262.30	262.30	262.30	262.30	6.00	6396.00
2016/06/03	21:15	262.20	262.20	262.10	262.10	48.00	6372.00
2016/06/03	21:16	262.30	262.30	262.30	262.30	6.00	6366.00
2016/06/03	21:17	262.55	262.55	262.55	262.55	12.00	6360.00
2016/06/03	21:18	262.50	262.50	262.50	262.50	6.00	6354.00
2016/06/03	21:19	262.35	262.35	262.35	262.35	12.00	6354.00
2016/06/03	21:20	262.05	262.05	262.05	262.05	6.00	6348.00
2016/06/03	21:24	262.00	262.00	262.00	262.00	12.00	6348.00
2016/06/03	22:01	262.30	262.30	262.30	262.30	6.00	6342.00
2016/06/03	22:05	262.50	262.50	262.50	262.50	6.00	6336.00
2016/06/03	22:09	262.25	262.25	262.25	262.25	18.00	6336.00
2016/06/03	22:34	262.20	262.20	262.20	262.20	12.00	6324.00
2016/06/04	01:36	262.20	262.20	262.20	262.20	6.00	6318.00
2016/06/04	01:50	262.55	262.55	262.55	262.55	30.00	6300.00
2016/06/06	09:01	262.75	262.75	262.75	262.75	12.00	6300.00
2016/06/06	09:02	262.60	262.60	262.55	262.55	24.00	6288.00
2016/06/06	09:06	262.50	262.50	262.50	262.50	6.00	6288.00
2016/06/06	09:15	262.50	262.50	262.50	262.50	12.00	6288.00
2016/06/06	09:18	262.50	262.50	262.50	262.50	18.00	6300.00
2016/06/06	09:31	262.55	262.55	262.55	262.55	6.00	6300.00
2016/06/06	09:33	262.55	262.55	262.55	262.55	6.00	6300.00
2016/06/06	09:39	262.50	262.50	262.50	262.50	6.00	6294.00
2016/06/06	09:45	262.60	262.60	262.60	262.60	18.00	6276.00
2016/06/06	09:49	262.50	262.50	262.50	262.50	12.00	6264.00
2016/06/06	09:59	262.50	262.50	262.50	262.50	12.00	6252.00
2016/06/06	10:07	262.45	262.45	262.45	262.45	6.00	6246.00
2016/06/06	10:10	262.60	262.60	262.60	262.60	6.00	6246.00
2016/06/06	11:03	262.50	262.50	262.50	262.50	30.00	6246.00
2016/06/06	11:06	262.45	262.45	262.45	262.45	12.00	6234.00
2016/06/06	11:08	262.60	262.60	262.60	262.60	6.00	6228.00
2016/06/06	13:43	262.50	262.50	262.50	262.50	18.00	6228.00
2016/06/06	13:46	262.45	262.65	262.45	262.65	24.00	6216.00
2016/06/06	13:52	262.50	262.50	262.50	262.50	6.00	6210.00
2016/06/06	13:54	262.50	262.50	262.50	262.50	6.00	6204.00
2016/06/06	13:59	262.50	262.50	262.50	262.50	24.00	6180.00
2016/06/06	14:06	262.50	262.50	262.50	262.50	18.00	6162.00
2016/06/06	14:12	262.50	262.50	262.50	262.50	18.00	6144.00
2016/06/06	14:16	262.50	262.50	262.50	262.50	6.00	6138.00
2016/06/06	14:21	262.50	262.50	262.50	262.50	12.00	6138.00
2016/06/06	14:22	262.50	262.50	262.50	262.50	6.00	6132.00
2016/06/06	14:24	262.50	262.50	262.50	262.50	6.00	6126.00
2016/06/06	14:26	262.45	262.45	262.45	262.45	6.00	6126.00
2016/06/06	14:40	262.50	262.60	262.50	262.60	24.00	6102.00
2016/06/06	14:42	262.50	262.50	262.50	262.50	6.00	6096.00
2016/06/06	14:43	262.50	262.50	262.45	262.45	12.00	6084.00
2016/06/06	14:46	262.50	262.50	262.50	262.50	18.00	6066.00
2016/06/06	14:51	262.60	262.60	262.60	262.60	18.00	6048.00
2016/06/06	14:53	262.60	262.60	262.60	262.60	6.00	6042.00
2016/06/06	14:54	262.65	262.65	262.65	262.65	60.00	6042.00
2016/06/06	14:55	262.70	262.75	262.70	262.75	90.00	6036.00
2016/06/06	14:56	262.55	262.55	262.55	262.55	6.00	6030.00
2016/06/06	21:24	263.75	263.75	263.75	263.75	6.00	6024.00
2016/06/06	21:25	263.75	263.75	263.75	263.75	6.00	6024.00
2016/06/06	21:32	263.65	263.65	263.60	263.60	18.00	6024.00
2016/06/06	21:33	263.60	263.60	263.60	263.60	6.00	6024.00
2016/06/06	21:35	263.50	263.50	263.50	263.50	60.00	5964.00
2016/06/06	21:38	263.45	263.45	263.45	263.45	60.00	5904.00
2016/06/06	21:42	263.50	263.50	263.50	263.50	60.00	5844.00
2016/06/06	21:45	263.40	263.40	263.40	263.40	36.00	5808.00
2016/06/06	21:46	263.30	263.30	263.30	263.30	60.00	5748.00
2016/06/06	21:56	263.50	263.50	263.50	263.50	6.00	5748.00
2016/06/06	22:35	263.30	263.30	263.30	263.30	6.00	5742.00
2016/06/06	22:37	263.05	263.05	263.05	263.05	24.00	5718.00
2016/06/06	22:43	263.30	263.30	263.30	263.30	18.00	5700.00
2016/06/06	22:57	263.50	263.50	263.50	263.50	6.00	5700.00
2016/06/06	22:58	263.50	263.50	263.50	263.50	6.00	5694.00
2016/06/06	23:03	263.75	263.90	263.75	263.90	18.00	5676.00
2016/06/06	23:04	263.65	263.65	263.65	263.65	6.00	5676.00
2016/06/06	23:05	263.95	263.95	263.95	263.95	6.00	5670.00
2016/06/07	00:12	263.50	263.50	263.50	263.50	6.00	5664.00
2016/06/07	00:21	263.50	263.50	263.50	263.50	6.00	5658.00
2016/06/07	00:22	263.85	263.85	263.50	263.50	12.00	5646.00
2016/06/07	09:10	263.85	263.85	263.45	263.45	18.00	5634.00
2016/06/07	09:14	263.65	263.65	263.65	263.65	6.00	5628.00
2016/06/07	09:17	263.70	263.80	263.70	263.80	18.00	5616.00
2016/06/07	09:18	263.70	263.70	263.70	263.70	12.00	5604.00
2016/06/07	09:24	263.50	263.50	263.50	263.50	12.00	5592.00
2016/06/07	09:30	263.50	263.50	263.50	263.50	18.00	5574.00
2016/06/07	09:31	263.55	263.55	263.55	263.55	60.00	5514.00
2016/06/07	09:40	263.50	263.50	263.50	263.50	42.00	5472.00
2016/06/07	09:44	263.50	263.50	263.50	263.50	18.00	5454.00
2016/06/07	09:46	263.50	263.50	263.45	263.45	18.00	5436.00
2016/06/07	09:50	263.30	263.30	263.30	263.30	30.00	5418.00
2016/06/07	09:51	263.55	263.55	263.55	263.55	6.00	5412.00
2016/06/07	10:03	263.35	263.55	263.35	263.55	12.00	5400.00
2016/06/07	10:09	263.55	263.55	263.55	263.55	12.00	5388.00
2016/06/07	10:56	263.40	263.40	263.40	263.40	24.00	5364.00
2016/06/07	11:01	263.40	263.40	263.40	263.40	18.00	5346.00
2016/06/07	11:04	263.40	263.40	263.40	263.40	6.00	5340.00
2016/06/07	11:23	263.35	263.35	263.35	263.35	6.00	5334.00
2016/06/07	13:34	263.25	263.25	263.25	263.25	6.00	5328.00
2016/06/07	13:42	263.40	263.40	263.40	263.40	6.00	5322.00
2016/06/07	14:05	263.05	263.05	263.05	263.05	12.00	5310.00
2016/06/07	14:13	263.00	263.00	263.00	263.00	12.00	5298.00
2016/06/07	14:14	263.05	263.05	263.05	263.05	18.00	5280.00
2016/06/07	14:19	263.25	263.25	263.25	263.25	18.00	5262.00
2016/06/07	14:25	263.10	263.10	263.10	263.10	24.00	5238.00
2016/06/07	14:32	263.35	263.35	263.35	263.35	6.00	5232.00
2016/06/07	14:36	263.35	263.35	263.35	263.35	6.00	5226.00
2016/06/07	14:37	263.15	263.15	263.15	263.15	6.00	5220.00
2016/06/07	14:40	263.10	263.10	263.10	263.10	6.00	5214.00
2016/06/07	14:49	263.05	263.05	263.05	263.05	18.00	5196.00
2016/06/07	14:50	262.70	262.70	262.70	262.70	12.00	5184.00
2016/06/07	21:20	261.95	261.95	261.95	261.95	6.00	5184.00
2016/06/07	21:21	261.95	261.95	261.95	261.95	6.00	5184.00
2016/06/07	21:23	262.45	262.45	262.45	262.45	6.00	5184.00
2016/06/07	22:39	262.60	262.60	262.60	262.60	18.00	5190.00
2016/06/07	22:57	262.80	262.80	262.80	262.80	6.00	5184.00
2016/06/08	00:09	262.75	264.15	262.75	264.15	12.00	5178.00
2016/06/08	02:05	263.50	263.50	263.50	263.50	6.00	5172.00
2016/06/08	09:07	263.90	263.90	263.50	263.50	18.00	5184.00
2016/06/08	09:17	263.45	263.45	263.45	263.45	6.00	5178.00
2016/06/08	09:29	263.90	263.90	263.90	263.90	6.00	5178.00
2016/06/08	09:33	263.70	263.70	263.70	263.70	12.00	5166.00
2016/06/08	09:34	263.90	263.90	263.90	263.90	6.00	5160.00
2016/06/08	09:35	264.00	264.00	264.00	264.00	6.00	5154.00
2016/06/08	09:36	264.00	264.00	264.00	264.00	6.00	5148.00
2016/06/08	09:40	264.00	264.00	264.00	264.00	18.00	5130.00
2016/06/08	09:41	264.00	264.10	264.00	264.10	24.00	5106.00
2016/06/08	09:43	264.50	264.50	264.50	264.50	30.00	5106.00
2016/06/08	09:44	264.50	264.50	264.50	264.50	6.00	5100.00
2016/06/08	09:46	264.40	264.40	264.40	264.40	30.00	5070.00
2016/06/08	09:47	264.40	264.40	264.40	264.40	90.00	4980.00
2016/06/08	09:53	264.40	264.40	264.40	264.40	6.00	4974.00
2016/06/08	09:58	264.15	264.20	264.15	264.20	12.00	4962.00
2016/06/08	10:02	264.00	264.00	264.00	264.00	24.00	4938.00
2016/06/08	10:05	263.90	263.90	263.90	263.90	12.00	4926.00
2016/06/08	10:12	263.90	263.90	263.90	263.90	6.00	4920.00
2016/06/08	10:33	263.75	263.75	263.75	263.75	6.00	4914.00
2016/06/08	10:34	263.70	263.70	263.70	263.70	54.00	4872.00
2016/06/08	10:35	263.70	263.70	263.65	263.65	12.00	4866.00
2016/06/08	10:40	263.60	263.60	263.40	263.40	42.00	4866.00
2016/06/08	10:41	263.25	263.25	263.25	263.25	12.00	4866.00
2016/06/08	10:48	263.30	263.30	263.30	263.30	6.00	4866.00
2016/06/08	10:50	263.30	263.30	263.30	263.30	6.00	4866.00
2016/06/08	10:51	263.45	263.60	263.45	263.60	18.00	4848.00
2016/06/08	10:54	263.30	263.30	263.30	263.30	12.00	4848.00
2016/06/08	10:55	263.25	263.25	263.25	263.25	12.00	4836.00
2016/06/08	10:57	263.25	263.25	263.25	263.25	18.00	4818.00
2016/06/08	10:59	263.20	263.20	263.20	263.20	18.00	4800.00
2016/06/08	11:03	263.30	263.30	263.30	263.30	6.00	4800.00
2016/06/08	11:04	263.40	263.40	263.25	263.25	18.00	4788.00
2016/06/08	11:05	263.30	263.30	263.30	263.30	6.00	4788.00
2016/06/08	11:12	263.30	263.30	263.30	263.30	6.00	4788.00
2016/06/08	11:15	263.30	263.30	263.30	263.30	6.00	4788.00
2016/06/08	13:32	263.60	263.60	263.60	263.60	18.00	4770.00
2016/06/08	13:33	263.65	263.65	263.65	263.65	6.00	4764.00
2016/06/08	13:41	263.60	263.60	263.60	263.60	42.00	4722.00
2016/06/08	13:42	263.60	263.60	263.60	263.60	18.00	4704.00
2016/06/08	13:47	263.65	263.65	263.65	263.65	6.00	4704.00
2016/06/08	13:48	263.65	263.80	263.65	263.80	30.00	4704.00
2016/06/08	13:52	263.70	263.70	263.70	263.70	12.00	4692.00
2016/06/08	13:53	263.70	263.70	263.70	263.70	24.00	4692.00
2016/06/08	13:57	263.70	263.70	263.70	263.70	6.00	4686.00
2016/06/08	14:02	264.00	264.00	264.00	264.00	6.00	4680.00
2016/06/08	14:03	264.00	264.00	264.00	264.00	6.00	4674.00
2016/06/08	14:05	264.00	264.00	264.00	264.00	12.00	4662.00
2016/06/08	14:08	264.00	264.00	264.00	264.00	6.00	4656.00
2016/06/08	14:10	264.50	264.50	264.50	264.50	24.00	4632.00
2016/06/08	14:11	264.50	264.50	263.90	263.90	18.00	4626.00
2016/06/08	14:12	264.30	264.30	264.30	264.30	24.00	4626.00
2016/06/08	14:13	263.95	263.95	263.95	263.95	6.00	4626.00
2016/06/08	14:14	263.90	263.90	263.90	263.90	18.00	4608.00
2016/06/08	14:17	263.90	263.90	263.90	263.90	90.00	4518.00
2016/06/08	14:20	264.15	264.15	264.15	264.15	42.00	4518.00
2016/06/08	14:21	264.15	264.15	264.15	264.15	18.00	4518.00
2016/06/08	14:23	264.15	264.15	264.15	264.15	6.00	4512.00
2016/06/08	14:27	264.05	264.05	264.05	264.05	12.00	4500.00
2016/06/08	14:28	264.05	264.05	264.05	264.05	18.00	4482.00
2016/06/08	14:31	264.10	264.10	264.10	264.10	18.00	4464.00
2016/06/08	14:32	264.10	264.10	264.10	264.10	12.00	4452.00
2016/06/08	14:35	264.15	264.15	264.15	264.15	6.00	4446.00
2016/06/08	14:38	264.15	264.15	264.15	264.15	12.00	4434.00
2016/06/08	14:42	264.10	264.10	264.10	264.10	6.00	4428.00
2016/06/08	14:46	264.10	264.10	264.10	264.10	12.00	4416.00
2016/06/08	14:49	264.20	264.20	264.20	264.20	24.00	4392.00
2016/06/08	14:52	264.50	264.50	264.50	264.50	24.00	4368.00
2016/06/08	14:53	265.00	265.00	265.00	265.00	24.00	4344.00
2016/06/08	14:54	264.95	264.95	264.95	264.95	48.00	4326.00
2016/06/08	14:57	264.90	264.90	264.90	264.90	6.00	4320.00
2016/06/13	09:45	270.80	270.80	270.80	270.80	6.00	4320.00
2016/06/13	10:48	270.00	270.00	270.00	270.00	12.00	4308.00
2016/06/13	10:57	270.00	270.00	270.00	270.00	12.00	4296.00
2016/06/13	10:58	270.00	270.00	270.00	270.00	12.00	4284.00
2016/06/13	11:00	270.05	270.05	270.05	270.05	6.00	4278.00
2016/06/13	13:54	270.70	270.70	270.70	270.70	12.00	4278.00
2016/06/13	14:00	273.50	273.50	273.50	273.50	12.00	4266.00
2016/06/13	14:03	272.60	272.60	272.60	272.60	18.00	4248.00
2016/06/13	14:04	272.60	272.60	272.60	272.60	36.00	4212.00
2016/06/13	14:05	272.55	272.55	272.55	272.55	6.00	4206.00
2016/06/13	14:06	272.55	272.55	272.55	272.55	54.00	4152.00
2016/06/13	14:07	272.55	272.55	272.55	272.55	12.00	4140.00
2016/06/13	14:27	271.05	271.05	271.05	271.05	6.00	4140.00
2016/06/13	23:58	271.00	271.00	271.00	271.00	18.00	4122.00
2016/06/14	00:16	272.00	272.00	272.00	272.00	6.00	4116.00
2016/06/14	09:04	272.50	272.50	272.50	272.50	18.00	4098.00
2016/06/14	09:17	272.50	272.50	272.50	272.50	30.00	4098.00
2016/06/14	09:18	273.50	273.50	273.50	273.50	30.00	4098.00
2016/06/14	09:37	272.00	272.00	272.00	272.00	18.00	4080.00
2016/06/14	09:38	272.00	272.00	272.00	272.00	102.00	3978.00
2016/06/14	09:39	272.00	272.00	272.00	272.00	120.00	3858.00
2016/06/14	09:40	272.00	272.00	272.00	272.00	132.00	3726.00
2016/06/14	09:41	272.00	272.00	272.00	272.00	60.00	3666.00
2016/06/14	09:43	272.00	272.00	272.00	272.00	66.00	3600.00
2016/06/14	09:50	271.20	271.20	271.20	271.20	24.00	3600.00
2016/06/14	10:49	271.20	271.20	271.20	271.20	18.00	3582.00
