2016/10/25	23:08	37880	37890	37880	37880	54.00	176616.00
2016/10/25	23:09	37880	37900	37880	37890	142.00	176624.00
2016/10/25	23:10	37890	37910	37890	37900	190.00	176624.00
2016/10/25	23:11	37900	37930	37900	37930	276.00	176622.00
2016/10/25	23:12	37920	37940	37920	37930	278.00	176586.00
2016/10/25	23:13	37930	37930	37920	37930	74.00	176568.00
2016/10/25	23:14	37930	37930	37920	37920	40.00	176562.00
2016/10/25	23:15	37930	37930	37920	37930	142.00	176560.00
2016/10/25	23:16	37920	37930	37900	37900	306.00	176518.00
2016/10/25	23:17	37910	37910	37890	37910	136.00	176492.00
2016/10/25	23:18	37900	37920	37900	37920	122.00	176518.00
2016/10/25	23:19	37920	37920	37920	37920	102.00	176532.00
2016/10/25	23:20	37920	37930	37920	37920	80.00	176546.00
2016/10/25	23:21	37930	37950	37930	37940	330.00	176602.00
2016/10/25	23:22	37950	37950	37920	37930	220.00	176582.00
2016/10/25	23:23	37930	37930	37910	37930	240.00	176618.00
2016/10/25	23:24	37930	37930	37910	37910	94.00	176662.00
2016/10/25	23:25	37910	37910	37900	37900	116.00	176654.00
2016/10/25	23:26	37900	37910	37900	37910	46.00	176636.00
2016/10/25	23:27	37910	37930	37910	37920	100.00	176684.00
2016/10/25	23:28	37930	37950	37930	37940	252.00	176712.00
2016/10/25	23:29	37930	37940	37930	37930	92.00	176736.00
2016/10/25	23:30	37940	37940	37920	37920	212.00	176782.00
2016/10/25	23:31	37920	37960	37920	37960	284.00	176840.00
2016/10/25	23:32	37950	37960	37950	37960	284.00	176908.00
2016/10/25	23:33	37960	37970	37950	37970	268.00	177004.00
2016/10/25	23:34	37970	37980	37970	37970	476.00	177100.00
2016/10/25	23:35	37970	37980	37970	37980	52.00	177088.00
2016/10/25	23:36	37980	37980	37960	37980	430.00	177100.00
2016/10/25	23:37	37970	37990	37970	37980	282.00	177088.00
2016/10/25	23:38	37980	37980	37970	37970	242.00	177050.00
2016/10/25	23:39	37970	37980	37970	37980	142.00	177028.00
2016/10/25	23:40	37980	37980	37970	37970	110.00	177010.00
2016/10/25	23:41	37960	37980	37960	37970	100.00	177014.00
2016/10/25	23:42	37970	37980	37960	37970	76.00	177006.00
2016/10/25	23:43	37970	37990	37970	37980	282.00	176894.00
2016/10/25	23:44	37990	37990	37980	37990	214.00	176754.00
2016/10/25	23:45	37980	37980	37960	37960	176.00	176732.00
2016/10/25	23:46	37970	37970	37960	37970	120.00	176666.00
2016/10/25	23:47	37970	37980	37970	37980	22.00	176654.00
2016/10/25	23:48	37980	37980	37970	37970	70.00	176670.00
2016/10/25	23:49	37970	37980	37970	37980	42.00	176678.00
2016/10/25	23:50	37980	37990	37980	37980	150.00	176716.00
2016/10/25	23:51	37980	37980	37970	37970	140.00	176738.00
2016/10/25	23:52	37970	37980	37960	37960	210.00	176760.00
2016/10/25	23:53	37960	37970	37960	37970	58.00	176728.00
2016/10/25	23:54	37960	37960	37960	37960	44.00	176726.00
2016/10/25	23:55	37960	37970	37960	37960	378.00	176604.00
2016/10/25	23:56	37960	37960	37950	37960	64.00	176594.00
2016/10/25	23:57	37980	37980	37970	37970	472.00	176682.00
2016/10/25	23:58	37960	37970	37960	37960	164.00	176612.00
2016/10/25	23:59	37960	37960	37950	37950	122.00	176610.00
2016/10/26	00:00	37950	37960	37950	37960	22.00	176602.00
2016/10/26	00:01	37960	37960	37950	37960	120.00	176554.00
2016/10/26	00:02	37960	37980	37960	37980	232.00	176634.00
2016/10/26	00:03	37980	37980	37950	37960	320.00	176658.00
2016/10/26	00:04	37960	37960	37950	37960	22.00	176652.00
2016/10/26	00:05	37960	37960	37960	37960	118.00	176650.00
2016/10/26	00:06	37970	37970	37960	37960	90.00	176688.00
2016/10/26	00:07	37960	37960	37950	37950	10.00	176684.00
2016/10/26	00:08	37960	37960	37950	37950	8.00	176676.00
2016/10/26	00:09	37950	37950	37950	37950	50.00	176648.00
2016/10/26	00:10	37950	37960	37950	37960	84.00	176570.00
2016/10/26	00:11	37960	37960	37960	37960	2.00	176568.00
2016/10/26	00:12	37960	37960	37960	37960	80.00	176624.00
2016/10/26	00:14	37960	37960	37960	37960	20.00	176622.00
2016/10/26	00:15	37960	37970	37960	37960	172.00	176532.00
2016/10/26	00:16	37960	37970	37960	37960	34.00	176542.00
2016/10/26	00:17	37970	37970	37940	37940	182.00	176536.00
2016/10/26	00:18	37940	37950	37940	37950	42.00	176514.00
2016/10/26	00:19	37960	37960	37960	37960	8.00	176506.00
2016/10/26	00:20	37950	37970	37950	37970	64.00	176508.00
2016/10/26	00:21	37970	37970	37960	37970	56.00	176466.00
2016/10/26	00:23	37960	37960	37960	37960	2.00	176466.00
2016/10/26	00:24	37960	37970	37960	37970	10.00	176466.00
2016/10/26	00:25	37960	37960	37960	37960	46.00	176480.00
2016/10/26	00:26	37960	37960	37960	37960	60.00	176500.00
2016/10/26	00:27	37960	37960	37960	37960	2.00	176500.00
2016/10/26	00:28	37970	37980	37970	37970	74.00	176516.00
2016/10/26	00:29	37960	37970	37960	37960	24.00	176498.00
2016/10/26	00:30	37960	37960	37960	37960	12.00	176492.00
2016/10/26	00:31	37980	37980	37970	37970	80.00	176498.00
2016/10/26	00:32	37960	37960	37960	37960	10.00	176492.00
2016/10/26	00:34	37960	37960	37960	37960	4.00	176494.00
2016/10/26	00:35	37960	37960	37960	37960	20.00	176478.00
2016/10/26	00:36	37970	37970	37960	37960	32.00	176464.00
2016/10/26	00:37	37970	37970	37960	37960	30.00	176448.00
2016/10/26	00:38	37960	37960	37950	37950	106.00	176410.00
2016/10/26	00:39	37950	37950	37940	37950	26.00	176410.00
2016/10/26	00:40	37950	37950	37950	37950	18.00	176400.00
2016/10/26	00:41	37950	37960	37950	37960	32.00	176410.00
2016/10/26	00:42	37950	37950	37950	37950	22.00	176398.00
2016/10/26	00:43	37950	37950	37940	37940	18.00	176384.00
2016/10/26	00:44	37950	37950	37940	37940	50.00	176358.00
2016/10/26	00:45	37940	37950	37940	37950	12.00	176364.00
2016/10/26	00:46	37950	37970	37950	37960	128.00	176378.00
2016/10/26	00:47	37950	37960	37950	37950	36.00	176398.00
2016/10/26	00:48	37940	37960	37940	37960	14.00	176390.00
2016/10/26	00:49	37950	37960	37950	37960	52.00	176356.00
2016/10/26	00:50	37960	37960	37950	37960	34.00	176344.00
2016/10/26	00:51	37960	37960	37950	37960	54.00	176332.00
2016/10/26	00:52	37970	37970	37960	37960	38.00	176310.00
2016/10/26	00:54	37960	37960	37960	37960	50.00	176292.00
2016/10/26	00:55	37960	37960	37950	37950	26.00	176282.00
2016/10/26	00:56	37960	37960	37950	37950	102.00	176224.00
2016/10/26	00:57	37950	37960	37950	37950	132.00	176138.00
2016/10/26	00:58	37960	37960	37940	37950	46.00	176136.00
2016/10/26	00:59	37950	37960	37940	37950	174.00	176182.00
2016/10/26	01:00	37950	37970	37950	37960	250.00	176126.00
2016/10/26	09:01	37950	37960	37910	37950	1812.00	175916.00
2016/10/26	09:02	37960	37970	37920	37920	788.00	175896.00
2016/10/26	09:03	37920	37930	37880	37890	1146.00	175878.00
2016/10/26	09:04	37890	37900	37880	37900	1190.00	175960.00
2016/10/26	09:05	37900	37900	37890	37890	396.00	175880.00
2016/10/26	09:06	37890	37890	37880	37880	214.00	175922.00
2016/10/26	09:07	37880	37900	37880	37890	698.00	176100.00
2016/10/26	09:08	37880	37890	37880	37880	184.00	176128.00
2016/10/26	09:09	37890	37900	37890	37890	306.00	176086.00
2016/10/26	09:10	37900	37910	37890	37900	426.00	176002.00
2016/10/26	09:11	37900	37900	37890	37900	702.00	176082.00
2016/10/26	09:12	37900	37900	37890	37890	214.00	176092.00
2016/10/26	09:13	37880	37900	37880	37900	372.00	176088.00
2016/10/26	09:14	37900	37900	37890	37900	230.00	176060.00
2016/10/26	09:15	37900	37910	37890	37910	310.00	176078.00
2016/10/26	09:16	37900	37910	37900	37910	852.00	175818.00
2016/10/26	09:17	37920	37930	37910	37920	236.00	175786.00
2016/10/26	09:18	37930	37940	37920	37940	1064.00	175740.00
2016/10/26	09:19	37940	37970	37940	37960	1258.00	175406.00
2016/10/26	09:20	37950	37960	37940	37950	234.00	175388.00
2016/10/26	09:21	37950	37950	37940	37950	100.00	175322.00
2016/10/26	09:22	37950	37950	37930	37930	848.00	175182.00
2016/10/26	09:23	37930	37940	37930	37940	324.00	175078.00
2016/10/26	09:24	37930	37950	37930	37940	386.00	175090.00
2016/10/26	09:25	37940	37940	37920	37930	184.00	174998.00
2016/10/26	09:26	37920	37930	37910	37930	330.00	175088.00
2016/10/26	09:27	37920	37940	37920	37940	150.00	175070.00
2016/10/26	09:28	37940	37950	37930	37950	208.00	175018.00
2016/10/26	09:29	37950	37960	37940	37950	620.00	175052.00
2016/10/26	09:30	37960	37970	37950	37970	676.00	175168.00
2016/10/26	09:31	37970	38010	37970	38010	3138.00	174246.00
2016/10/26	09:32	38010	38020	38000	38000	1642.00	173922.00
2016/10/26	09:33	37990	38000	37980	37980	396.00	173996.00
2016/10/26	09:34	37990	37990	37970	37970	420.00	174082.00
2016/10/26	09:35	37970	37980	37960	37980	508.00	174354.00
2016/10/26	09:36	37980	37980	37970	37970	322.00	174384.00
2016/10/26	09:37	37970	37970	37960	37970	164.00	174430.00
2016/10/26	09:38	37970	37980	37960	37980	216.00	174436.00
2016/10/26	09:39	37980	37980	37960	37970	232.00	174352.00
2016/10/26	09:40	37980	37980	37960	37970	126.00	174350.00
2016/10/26	09:41	37960	37980	37960	37970	110.00	174278.00
2016/10/26	09:42	37970	37980	37960	37960	314.00	174258.00
2016/10/26	09:43	37970	37970	37960	37970	116.00	174198.00
2016/10/26	09:44	37960	37970	37960	37970	68.00	174196.00
2016/10/26	09:45	37970	37970	37960	37970	62.00	174184.00
2016/10/26	09:46	37970	37970	37960	37960	108.00	174194.00
2016/10/26	09:47	37960	37980	37960	37980	300.00	174198.00
2016/10/26	09:48	37980	37980	37970	37980	290.00	174088.00
2016/10/26	09:49	37970	37980	37970	37980	120.00	174136.00
2016/10/26	09:50	37980	38000	37980	38000	580.00	174076.00
2016/10/26	09:51	38000	38000	37970	37980	236.00	174098.00
2016/10/26	09:52	37980	37990	37980	37980	200.00	174062.00
2016/10/26	09:53	37990	37990	37980	37990	108.00	174006.00
2016/10/26	09:54	37990	37990	37980	37990	82.00	173958.00
2016/10/26	09:55	37980	37980	37960	37960	700.00	173824.00
2016/10/26	09:56	37950	37960	37940	37950	766.00	173660.00
2016/10/26	09:57	37950	37950	37940	37950	302.00	173582.00
2016/10/26	09:58	37940	37970	37940	37960	484.00	173522.00
2016/10/26	09:59	37960	37960	37960	37960	48.00	173518.00
2016/10/26	10:00	37960	37970	37950	37960	448.00	173442.00
2016/10/26	10:01	37960	37980	37950	37970	916.00	173426.00
2016/10/26	10:02	37960	37970	37960	37960	76.00	173434.00
2016/10/26	10:03	37970	37970	37970	37970	86.00	173408.00
2016/10/26	10:04	37960	37980	37960	37970	376.00	173314.00
2016/10/26	10:05	37970	37980	37970	37980	144.00	173284.00
2016/10/26	10:06	37970	37970	37960	37960	260.00	173224.00
2016/10/26	10:07	37960	37970	37960	37970	32.00	173226.00
2016/10/26	10:08	37960	37970	37960	37960	58.00	173226.00
2016/10/26	10:09	37960	37970	37960	37960	94.00	173218.00
2016/10/26	10:10	37960	37970	37960	37970	196.00	173256.00
2016/10/26	10:11	37960	37960	37950	37960	194.00	173224.00
2016/10/26	10:12	37960	37970	37960	37960	68.00	173180.00
2016/10/26	10:13	37960	37970	37960	37970	18.00	173182.00
2016/10/26	10:14	37960	37970	37960	37960	192.00	173110.00
2016/10/26	10:15	37960	37970	37960	37960	194.00	173096.00
2016/10/26	10:31	37960	37970	37960	37970	494.00	173076.00
2016/10/26	10:32	37970	37970	37960	37970	256.00	173040.00
2016/10/26	10:33	37970	37970	37960	37970	126.00	173030.00
2016/10/26	10:34	37970	37970	37950	37960	432.00	173144.00
2016/10/26	10:35	37960	37970	37950	37960	404.00	173034.00
2016/10/26	10:36	37960	37960	37950	37950	140.00	173018.00
2016/10/26	10:37	37950	37950	37940	37950	622.00	172818.00
2016/10/26	10:38	37950	37950	37940	37940	146.00	172840.00
2016/10/26	10:39	37950	37950	37930	37940	190.00	172788.00
2016/10/26	10:40	37930	37940	37910	37910	542.00	172688.00
2016/10/26	10:41	37910	37920	37910	37920	90.00	172624.00
2016/10/26	10:42	37920	37930	37910	37930	290.00	172580.00
2016/10/26	10:43	37920	37930	37920	37920	312.00	172520.00
2016/10/26	10:44	37920	37930	37920	37930	40.00	172492.00
2016/10/26	10:45	37920	37930	37920	37930	48.00	172486.00
2016/10/26	10:46	37920	37930	37910	37910	208.00	172438.00
2016/10/26	10:47	37910	37930	37910	37920	332.00	172378.00
2016/10/26	10:48	37920	37930	37920	37930	128.00	172334.00
2016/10/26	10:49	37930	37930	37910	37910	396.00	172316.00
2016/10/26	10:50	37910	37930	37910	37920	176.00	172406.00
2016/10/26	10:51	37920	37920	37910	37910	122.00	172404.00
2016/10/26	10:52	37920	37920	37910	37910	630.00	172052.00
2016/10/26	10:53	37910	37920	37890	37910	464.00	172182.00
2016/10/26	10:54	37910	37910	37900	37900	132.00	172112.00
2016/10/26	10:55	37900	37920	37900	37910	338.00	172016.00
2016/10/26	10:56	37910	37910	37900	37900	56.00	171994.00
2016/10/26	10:57	37910	37910	37900	37910	232.00	171860.00
2016/10/26	10:58	37900	37910	37890	37890	250.00	171790.00
2016/10/26	10:59	37890	37900	37890	37890	154.00	171784.00
2016/10/26	11:00	37900	37910	37890	37890	234.00	171824.00
2016/10/26	11:01	37890	37910	37890	37900	436.00	171856.00
2016/10/26	11:02	37900	37900	37860	37880	1506.00	171858.00
2016/10/26	11:03	37880	37880	37830	37840	1964.00	172300.00
2016/10/26	11:04	37850	37860	37840	37850	510.00	172352.00
2016/10/26	11:05	37850	37870	37840	37860	648.00	172092.00
2016/10/26	11:06	37860	37870	37860	37860	468.00	171994.00
2016/10/26	11:07	37860	37860	37850	37850	410.00	171992.00
2016/10/26	11:08	37850	37870	37850	37870	370.00	171890.00
2016/10/26	11:09	37860	37860	37850	37860	144.00	171870.00
2016/10/26	11:10	37850	37860	37830	37830	756.00	172124.00
2016/10/26	11:11	37840	37870	37830	37860	514.00	172244.00
2016/10/26	11:12	37860	37870	37840	37850	386.00	172202.00
2016/10/26	11:13	37840	37860	37830	37860	1116.00	172180.00
2016/10/26	11:14	37850	37860	37850	37860	558.00	172116.00
2016/10/26	11:15	37860	37870	37840	37840	862.00	171796.00
2016/10/26	11:16	37840	37850	37840	37840	174.00	171778.00
2016/10/26	11:17	37840	37860	37840	37850	202.00	171724.00
2016/10/26	11:18	37860	37860	37840	37850	368.00	171700.00
2016/10/26	11:19	37850	37850	37840	37840	126.00	171690.00
2016/10/26	11:20	37840	37850	37830	37840	230.00	171646.00
2016/10/26	11:21	37840	37840	37830	37840	400.00	171666.00
2016/10/26	11:22	37850	37850	37830	37830	484.00	171670.00
2016/10/26	11:23	37830	37840	37830	37830	162.00	171718.00
2016/10/26	11:24	37840	37840	37820	37840	326.00	171696.00
2016/10/26	11:25	37830	37840	37830	37840	132.00	171670.00
2016/10/26	11:26	37840	37840	37820	37830	604.00	171646.00
2016/10/26	11:27	37810	37820	37760	37770	5108.00	171072.00
2016/10/26	11:28	37760	37770	37720	37730	2172.00	171058.00
2016/10/26	11:29	37740	37750	37730	37750	966.00	170662.00
2016/10/26	11:30	37740	37750	37710	37720	1624.00	170618.00
2016/10/26	13:31	37740	37770	37740	37770	2094.00	170162.00
2016/10/26	13:32	37780	37810	37770	37800	682.00	170040.00
2016/10/26	13:33	37800	37800	37740	37780	2202.00	170026.00
2016/10/26	13:34	37780	37800	37770	37790	856.00	169784.00
2016/10/26	13:35	37780	37790	37770	37780	494.00	169566.00
2016/10/26	13:36	37770	37790	37770	37790	532.00	169610.00
2016/10/26	13:37	37790	37790	37770	37770	456.00	169562.00
2016/10/26	13:38	37780	37780	37770	37780	212.00	169532.00
2016/10/26	13:39	37780	37790	37760	37770	352.00	169400.00
2016/10/26	13:40	37770	37780	37770	37770	316.00	169366.00
2016/10/26	13:41	37780	37780	37750	37760	454.00	169326.00
2016/10/26	13:42	37770	37780	37760	37780	344.00	169330.00
2016/10/26	13:43	37770	37780	37760	37760	218.00	169300.00
2016/10/26	13:44	37760	37770	37740	37740	1086.00	169072.00
2016/10/26	13:45	37740	37760	37740	37760	354.00	169072.00
2016/10/26	13:46	37760	37760	37740	37740	450.00	169088.00
2016/10/26	13:47	37740	37750	37740	37750	528.00	169048.00
2016/10/26	13:48	37760	37760	37750	37760	348.00	169042.00
2016/10/26	13:49	37750	37780	37750	37780	410.00	169186.00
2016/10/26	13:50	37780	37790	37770	37790	408.00	169298.00
2016/10/26	13:51	37780	37790	37760	37760	448.00	169266.00
2016/10/26	13:52	37770	37780	37760	37760	236.00	169208.00
2016/10/26	13:53	37760	37770	37740	37740	686.00	169136.00
2016/10/26	13:54	37750	37760	37740	37750	276.00	169054.00
2016/10/26	13:55	37740	37750	37730	37740	618.00	169222.00
2016/10/26	13:56	37730	37740	37720	37740	520.00	169254.00
2016/10/26	13:57	37730	37740	37720	37730	386.00	169292.00
2016/10/26	13:58	37730	37730	37700	37710	1634.00	169278.00
2016/10/26	13:59	37710	37720	37710	37720	556.00	169238.00
2016/10/26	14:00	37720	37730	37710	37720	200.00	169186.00
2016/10/26	14:01	37720	37730	37700	37700	938.00	169104.00
2016/10/26	14:02	37700	37720	37700	37720	530.00	169028.00
2016/10/26	14:03	37720	37730	37710	37730	172.00	168960.00
2016/10/26	14:04	37730	37730	37720	37730	478.00	168944.00
2016/10/26	14:05	37730	37740	37720	37740	294.00	168884.00
2016/10/26	14:06	37740	37740	37730	37730	254.00	168756.00
2016/10/26	14:07	37730	37750	37720	37750	312.00	168748.00
2016/10/26	14:08	37750	37760	37740	37740	452.00	168884.00
2016/10/26	14:09	37750	37750	37740	37740	194.00	168898.00
2016/10/26	14:10	37740	37760	37740	37750	112.00	168866.00
2016/10/26	14:11	37750	37750	37730	37750	490.00	168844.00
2016/10/26	14:12	37750	37760	37750	37750	350.00	168846.00
2016/10/26	14:13	37750	37750	37740	37740	154.00	168794.00
2016/10/26	14:14	37750	37760	37750	37750	100.00	168790.00
2016/10/26	14:15	37760	37760	37750	37750	124.00	168734.00
2016/10/26	14:16	37750	37750	37730	37750	476.00	168712.00
2016/10/26	14:17	37740	37750	37740	37750	138.00	168760.00
2016/10/26	14:18	37750	37760	37750	37750	242.00	168670.00
2016/10/26	14:19	37750	37750	37740	37740	384.00	168842.00
2016/10/26	14:20	37740	37740	37730	37740	148.00	168862.00
2016/10/26	14:21	37740	37740	37730	37740	22.00	168850.00
2016/10/26	14:22	37730	37740	37730	37740	184.00	168836.00
2016/10/26	14:23	37750	37750	37740	37750	70.00	168838.00
2016/10/26	14:24	37740	37760	37740	37760	388.00	168628.00
2016/10/26	14:25	37760	37760	37750	37760	112.00	168666.00
2016/10/26	14:26	37750	37760	37750	37750	254.00	168576.00
2016/10/26	14:27	37750	37760	37740	37760	308.00	168426.00
2016/10/26	14:28	37760	37760	37750	37750	272.00	168364.00
2016/10/26	14:29	37760	37760	37750	37760	218.00	168320.00
2016/10/26	14:30	37760	37760	37750	37760	92.00	168302.00
2016/10/26	14:31	37760	37760	37740	37760	610.00	168198.00
2016/10/26	14:32	37760	37760	37760	37760	392.00	168064.00
2016/10/26	14:33	37760	37770	37750	37760	314.00	168054.00
2016/10/26	14:34	37770	37770	37760	37770	94.00	168028.00
2016/10/26	14:35	37770	37770	37760	37770	260.00	167998.00
2016/10/26	14:36	37770	37780	37760	37780	306.00	167888.00
2016/10/26	14:37	37770	37790	37770	37780	694.00	167624.00
2016/10/26	14:38	37790	37790	37780	37790	890.00	167488.00
2016/10/26	14:39	37790	37790	37770	37770	270.00	167418.00
2016/10/26	14:40	37770	37790	37770	37790	222.00	167386.00
2016/10/26	14:41	37790	37790	37770	37780	302.00	167340.00
2016/10/26	14:42	37770	37780	37770	37770	254.00	167234.00
2016/10/26	14:43	37770	37790	37770	37780	512.00	167284.00
2016/10/26	14:44	37780	37790	37780	37790	264.00	167238.00
2016/10/26	14:45	37790	37790	37770	37780	838.00	167178.00
2016/10/26	14:46	37770	37790	37770	37780	516.00	167180.00
2016/10/26	14:47	37780	37780	37770	37780	166.00	167146.00
2016/10/26	14:48	37780	37790	37770	37780	366.00	167182.00
2016/10/26	14:49	37780	37780	37770	37780	662.00	167224.00
2016/10/26	14:50	37770	37780	37760	37770	670.00	167026.00
2016/10/26	14:51	37770	37780	37760	37760	684.00	166832.00
2016/10/26	14:52	37760	37780	37760	37760	910.00	166794.00
2016/10/26	14:53	37760	37760	37730	37740	788.00	166674.00
2016/10/26	14:54	37740	37740	37720	37730	948.00	166506.00
2016/10/26	14:55	37730	37740	37720	37730	368.00	166398.00
2016/10/26	14:56	37730	37740	37720	37730	824.00	166188.00
2016/10/26	14:57	37730	37740	37720	37730	344.00	166028.00
2016/10/26	14:58	37730	37750	37730	37740	596.00	165666.00
2016/10/26	14:59	37750	37770	37740	37760	902.00	165674.00
2016/10/26	15:00	37770	37770	37750	37760	774.00	165254.00
2016/10/26	21:01	37790	37870	37790	37810	2668.00	165160.00
2016/10/26	21:02	37810	37810	37790	37800	894.00	165112.00
2016/10/26	21:03	37810	37810	37800	37800	318.00	165054.00
2016/10/26	21:04	37810	37820	37800	37810	224.00	165104.00
2016/10/26	21:05	37810	37820	37800	37820	286.00	165292.00
2016/10/26	21:06	37820	37830	37810	37820	354.00	165268.00
2016/10/26	21:07	37830	37850	37830	37840	1064.00	165412.00
2016/10/26	21:08	37840	37850	37830	37840	716.00	165572.00
2016/10/26	21:09	37840	37860	37840	37850	580.00	165528.00
2016/10/26	21:10	37850	37870	37850	37860	658.00	165594.00
2016/10/26	21:11	37870	37870	37820	37850	998.00	165724.00
2016/10/26	21:12	37860	37870	37850	37860	614.00	165822.00
2016/10/26	21:13	37860	37890	37860	37890	462.00	165840.00
2016/10/26	21:14	37880	37890	37860	37860	512.00	165798.00
2016/10/26	21:15	37870	37890	37860	37860	776.00	165970.00
2016/10/26	21:16	37870	37870	37860	37860	172.00	165964.00
2016/10/26	21:17	37860	37880	37850	37870	614.00	165880.00
2016/10/26	21:18	37870	37880	37860	37870	338.00	165854.00
2016/10/26	21:19	37870	37870	37860	37860	364.00	165870.00
2016/10/26	21:20	37850	37860	37850	37860	168.00	165832.00
2016/10/26	21:21	37860	37870	37860	37860	78.00	165848.00
2016/10/26	21:22	37870	37870	37860	37860	104.00	165844.00
2016/10/26	21:23	37860	37860	37830	37830	316.00	165866.00
2016/10/26	21:24	37830	37830	37820	37830	566.00	165854.00
2016/10/26	21:25	37830	37840	37830	37840	44.00	165856.00
2016/10/26	21:26	37840	37850	37840	37840	174.00	165890.00
2016/10/26	21:27	37850	37850	37830	37830	168.00	165820.00
2016/10/26	21:28	37840	37840	37830	37830	60.00	165814.00
2016/10/26	21:29	37830	37840	37800	37800	1210.00	166140.00
2016/10/26	21:30	37800	37810	37790	37800	620.00	166030.00
2016/10/26	21:31	37810	37810	37790	37790	372.00	166034.00
2016/10/26	21:32	37790	37810	37790	37800	440.00	165990.00
2016/10/26	21:33	37810	37840	37800	37830	540.00	165912.00
2016/10/26	21:34	37830	37840	37820	37830	160.00	165906.00
2016/10/26	21:35	37840	37840	37820	37820	188.00	165916.00
2016/10/26	21:36	37830	37860	37830	37860	394.00	165760.00
2016/10/26	21:37	37860	37890	37860	37890	800.00	165760.00
2016/10/26	21:38	37890	37910	37880	37890	826.00	165896.00
2016/10/26	21:39	37890	37900	37880	37900	530.00	165746.00
2016/10/26	21:40	37910	37910	37890	37890	588.00	165616.00
2016/10/26	21:41	37900	37900	37890	37900	336.00	165586.00
2016/10/26	21:42	37900	37920	37900	37920	648.00	165676.00
2016/10/26	21:43	37920	37930	37910	37920	532.00	165614.00
2016/10/26	21:44	37920	37940	37910	37910	760.00	165584.00
2016/10/26	21:45	37920	37930	37910	37930	580.00	165602.00
2016/10/26	21:46	37930	37960	37920	37940	1932.00	166250.00
2016/10/26	21:47	37950	37950	37940	37950	468.00	166472.00
2016/10/26	21:48	37950	37950	37910	37910	952.00	166578.00
2016/10/26	21:49	37920	37930	37900	37920	566.00	166428.00
2016/10/26	21:50	37910	37930	37910	37910	248.00	166420.00
2016/10/26	21:51	37920	37930	37900	37900	314.00	166374.00
2016/10/26	21:52	37900	37910	37880	37890	392.00	166274.00
2016/10/26	21:53	37900	37910	37890	37890	266.00	166182.00
2016/10/26	21:54	37890	37890	37860	37860	604.00	166178.00
2016/10/26	21:55	37870	37870	37860	37870	200.00	166170.00
2016/10/26	21:56	37860	37880	37850	37880	514.00	166272.00
2016/10/26	21:57	37880	37880	37870	37870	66.00	166254.00
2016/10/26	21:58	37870	37880	37860	37870	310.00	166244.00
2016/10/26	21:59	37870	37880	37870	37880	48.00	166244.00
2016/10/26	22:00	37870	37870	37820	37830	1070.00	166278.00
2016/10/26	22:01	37830	37840	37810	37810	872.00	166344.00
2016/10/26	22:02	37810	37810	37790	37800	1012.00	166102.00
2016/10/26	22:03	37790	37820	37770	37780	2192.00	165516.00
2016/10/26	22:04	37770	37790	37760	37790	922.00	165456.00
2016/10/26	22:05	37790	37790	37760	37770	1446.00	164980.00
2016/10/26	22:06	37750	37770	37750	37760	1028.00	164894.00
2016/10/26	22:07	37770	37790	37770	37780	614.00	164904.00
2016/10/26	22:08	37790	37800	37780	37800	688.00	164802.00
2016/10/26	22:09	37790	37790	37760	37770	808.00	164818.00
2016/10/26	22:10	37770	37770	37760	37760	188.00	164794.00
2016/10/26	22:11	37760	37780	37760	37770	368.00	164768.00
2016/10/26	22:12	37780	37790	37770	37780	256.00	164682.00
2016/10/26	22:13	37780	37800	37770	37790	426.00	164662.00
2016/10/26	22:14	37790	37800	37780	37790	502.00	164542.00
2016/10/26	22:15	37790	37790	37780	37790	184.00	164512.00
2016/10/26	22:16	37780	37810	37770	37800	646.00	164350.00
2016/10/26	22:17	37810	37830	37800	37830	314.00	164222.00
2016/10/26	22:18	37820	37820	37810	37820	128.00	164188.00
2016/10/26	22:19	37810	37820	37810	37810	30.00	164186.00
2016/10/26	22:20	37820	37820	37810	37810	30.00	164194.00
2016/10/26	22:21	37810	37820	37810	37820	46.00	164186.00
2016/10/26	22:22	37820	37820	37810	37810	30.00	164182.00
2016/10/26	22:23	37820	37820	37810	37820	76.00	164180.00
2016/10/26	22:24	37810	37810	37790	37790	400.00	164102.00
2016/10/26	22:25	37790	37810	37790	37810	188.00	164058.00
2016/10/26	22:26	37810	37810	37780	37780	266.00	164070.00
2016/10/26	22:27	37780	37780	37770	37780	224.00	163998.00
2016/10/26	22:28	37780	37780	37770	37780	56.00	163990.00
2016/10/26	22:29	37780	37780	37770	37770	146.00	164002.00
2016/10/26	22:30	37770	37810	37770	37800	316.00	163990.00
2016/10/26	22:31	37810	37890	37810	37870	1566.00	163766.00
2016/10/26	22:32	37870	37890	37850	37880	1110.00	163632.00
2016/10/26	22:33	37880	37880	37840	37860	584.00	163678.00
2016/10/26	22:34	37860	37870	37840	37840	386.00	163702.00
2016/10/26	22:35	37850	37870	37840	37870	264.00	163742.00
2016/10/26	22:36	37870	37880	37860	37870	376.00	163718.00
2016/10/26	22:37	37860	37870	37850	37850	64.00	163726.00
2016/10/26	22:38	37860	37860	37830	37830	312.00	163716.00
2016/10/26	22:39	37830	37830	37800	37810	674.00	163646.00
2016/10/26	22:40	37820	37820	37810	37820	68.00	163684.00
2016/10/26	22:41	37820	37820	37810	37820	198.00	163686.00
2016/10/26	22:42	37810	37820	37810	37820	100.00	163678.00
2016/10/26	22:43	37820	37830	37820	37830	138.00	163722.00
2016/10/26	22:44	37840	37870	37810	37850	788.00	163710.00
2016/10/26	22:45	37850	37860	37840	37850	212.00	163782.00
2016/10/26	22:46	37850	37850	37840	37840	182.00	163822.00
2016/10/26	22:47	37850	37850	37850	37850	124.00	163824.00
2016/10/26	22:48	37840	37870	37840	37870	278.00	163826.00
2016/10/26	22:49	37870	37880	37870	37880	456.00	163956.00
2016/10/26	22:50	37880	37880	37870	37870	158.00	164036.00
2016/10/26	22:51	37870	37880	37870	37880	664.00	164024.00
2016/10/26	22:52	37880	37890	37880	37880	162.00	164004.00
2016/10/26	22:53	37870	37880	37860	37860	226.00	163998.00
2016/10/26	22:54	37860	37880	37860	37880	72.00	163996.00
2016/10/26	22:55	37880	37880	37870	37880	26.00	163998.00
2016/10/26	22:56	37880	37880	37870	37880	74.00	164008.00
2016/10/26	22:57	37870	37880	37870	37870	54.00	164018.00
2016/10/26	22:58	37870	37880	37870	37880	126.00	164038.00
2016/10/26	22:59	37880	37880	37870	37870	104.00	164086.00
2016/10/26	23:00	37870	37880	37840	37850	648.00	164284.00
2016/10/26	23:01	37850	37870	37830	37860	456.00	164436.00
2016/10/26	23:02	37860	37870	37850	37860	206.00	164390.00
2016/10/26	23:03	37860	37860	37850	37850	116.00	164386.00
2016/10/26	23:04	37850	37860	37850	37860	26.00	164390.00
2016/10/26	23:05	37860	37860	37850	37860	286.00	164398.00
2016/10/26	23:06	37860	37870	37860	37870	30.00	164398.00
2016/10/26	23:07	37870	37870	37870	37870	128.00	164454.00
2016/10/26	23:08	37870	37880	37860	37880	172.00	164448.00
2016/10/26	23:09	37870	37880	37870	37870	38.00	164452.00
2016/10/26	23:10	37870	37880	37870	37870	64.00	164502.00
2016/10/26	23:11	37880	37880	37870	37870	26.00	164522.00
2016/10/26	23:12	37870	37880	37860	37870	372.00	164676.00
2016/10/26	23:13	37870	37870	37860	37860	116.00	164650.00
2016/10/26	23:14	37860	37870	37860	37870	12.00	164654.00
2016/10/26	23:15	37860	37870	37860	37860	94.00	164646.00
2016/10/26	23:16	37870	37870	37860	37860	126.00	164628.00
2016/10/26	23:17	37860	37870	37860	37860	88.00	164644.00
2016/10/26	23:18	37860	37870	37860	37870	20.00	164642.00
2016/10/26	23:19	37870	37870	37860	37870	98.00	164678.00
2016/10/26	23:20	37870	37880	37860	37870	232.00	164666.00
2016/10/26	23:21	37870	37870	37870	37870	82.00	164664.00
2016/10/26	23:22	37870	37900	37870	37900	458.00	164810.00
2016/10/26	23:23	37900	37900	37890	37900	362.00	164958.00
2016/10/26	23:24	37890	37900	37890	37900	158.00	165022.00
2016/10/26	23:25	37890	37900	37890	37890	44.00	165022.00
2016/10/26	23:26	37900	37900	37890	37890	56.00	165014.00
2016/10/26	23:27	37890	37890	37870	37870	180.00	165000.00
2016/10/26	23:28	37870	37880	37870	37880	16.00	164996.00
2016/10/26	23:29	37880	37880	37870	37880	42.00	164970.00
2016/10/26	23:30	37870	37890	37870	37890	142.00	164970.00
2016/10/26	23:31	37890	37900	37890	37900	60.00	164962.00
2016/10/26	23:32	37890	37900	37890	37890	44.00	164960.00
2016/10/26	23:33	37900	37910	37890	37900	148.00	165050.00
2016/10/26	23:34	37900	37900	37890	37890	48.00	165040.00
2016/10/26	23:35	37890	37900	37890	37900	34.00	165040.00
2016/10/26	23:36	37900	37900	37890	37890	74.00	165052.00
2016/10/26	23:37	37890	37900	37870	37870	210.00	165012.00
2016/10/26	23:38	37870	37880	37850	37860	338.00	164988.00
2016/10/26	23:39	37860	37870	37860	37860	174.00	164912.00
2016/10/26	23:40	37860	37870	37860	37870	26.00	164924.00
2016/10/26	23:41	37870	37880	37860	37880	108.00	164872.00
2016/10/26	23:42	37870	37880	37870	37870	26.00	164864.00
2016/10/26	23:43	37880	37880	37860	37860	126.00	164866.00
2016/10/26	23:44	37860	37870	37860	37870	84.00	164850.00
2016/10/26	23:45	37870	37880	37870	37870	96.00	164862.00
2016/10/26	23:46	37870	37880	37870	37870	88.00	164834.00
2016/10/26	23:47	37870	37870	37860	37870	110.00	164758.00
2016/10/26	23:48	37860	37870	37860	37870	52.00	164736.00
2016/10/26	23:49	37880	37880	37860	37870	100.00	164674.00
2016/10/26	23:50	37870	37870	37870	37870	80.00	164638.00
2016/10/26	23:51	37870	37870	37860	37860	40.00	164638.00
2016/10/26	23:52	37870	37870	37870	37870	8.00	164640.00
2016/10/26	23:53	37870	37870	37850	37860	114.00	164592.00
2016/10/26	23:54	37850	37850	37850	37850	178.00	164494.00
2016/10/26	23:55	37850	37860	37850	37860	258.00	164374.00
2016/10/26	23:56	37860	37860	37860	37860	16.00	164364.00
2016/10/26	23:57	37870	37870	37850	37860	160.00	164340.00
2016/10/26	23:58	37860	37870	37860	37860	58.00	164334.00
2016/10/26	23:59	37860	37870	37850	37860	62.00	164332.00
2016/10/27	00:00	37860	37880	37860	37870	414.00	164308.00
2016/10/27	00:01	37870	37880	37870	37880	136.00	164232.00
2016/10/27	00:02	37880	37880	37870	37870	92.00	164236.00
2016/10/27	00:03	37880	37880	37880	37880	10.00	164234.00
2016/10/27	00:04	37870	37880	37870	37880	22.00	164230.00
2016/10/27	00:05	37880	37880	37870	37880	24.00	164226.00
2016/10/27	00:06	37880	37890	37880	37880	152.00	164170.00
2016/10/27	00:07	37880	37890	37880	37880	38.00	164174.00
2016/10/27	00:08	37890	37890	37880	37880	58.00	164192.00
2016/10/27	00:09	37880	37880	37880	37880	16.00	164192.00
2016/10/27	00:10	37880	37880	37870	37870	16.00	164202.00
2016/10/27	00:11	37870	37880	37870	37880	66.00	164202.00
2016/10/27	00:12	37880	37880	37880	37880	8.00	164202.00
2016/10/27	00:13	37880	37880	37880	37880	16.00	164198.00
2016/10/27	00:14	37880	37890	37880	37890	62.00	164210.00
2016/10/27	00:15	37890	37890	37890	37890	14.00	164204.00
2016/10/27	00:16	37880	37890	37880	37890	104.00	164198.00
2016/10/27	00:19	37890	37890	37890	37890	110.00	164268.00
2016/10/27	00:20	37890	37890	37880	37890	50.00	164228.00
2016/10/27	00:21	37890	37890	37880	37890	24.00	164234.00
2016/10/27	00:22	37890	37890	37880	37880	12.00	164236.00
2016/10/27	00:23	37880	37890	37880	37890	76.00	164260.00
2016/10/27	00:24	37880	37890	37880	37890	10.00	164262.00
2016/10/27	00:25	37890	37890	37890	37890	10.00	164262.00
2016/10/27	00:26	37890	37900	37880	37890	70.00	164270.00
2016/10/27	00:27	37880	37890	37880	37890	8.00	164270.00
2016/10/27	00:28	37890	37890	37890	37890	20.00	164264.00
2016/10/27	00:29	37890	37900	37890	37900	76.00	164258.00
2016/10/27	00:30	37900	37900	37900	37900	66.00	164300.00
2016/10/27	00:31	37890	37900	37890	37900	116.00	164266.00
2016/10/27	00:32	37900	37900	37890	37900	18.00	164260.00
2016/10/27	00:33	37900	37900	37890	37890	122.00	164204.00
2016/10/27	00:34	37890	37890	37890	37890	26.00	164184.00
2016/10/27	00:35	37890	37890	37890	37890	8.00	164182.00
2016/10/27	00:36	37890	37900	37890	37900	94.00	164144.00
2016/10/27	00:37	37890	37900	37890	37890	78.00	164144.00
2016/10/27	00:38	37900	37900	37890	37890	44.00	164140.00
2016/10/27	00:39	37890	37900	37890	37890	70.00	164106.00
2016/10/27	00:40	37890	37890	37890	37890	28.00	164110.00
2016/10/27	00:41	37890	37900	37890	37890	74.00	164130.00
2016/10/27	00:42	37890	37890	37890	37890	22.00	164128.00
2016/10/27	00:43	37890	37900	37890	37900	30.00	164128.00
2016/10/27	00:44	37900	37910	37900	37910	200.00	164000.00
2016/10/27	00:45	37910	37920	37900	37920	156.00	163980.00
2016/10/27	00:46	37920	37930	37910	37920	234.00	164036.00
2016/10/27	00:47	37920	37920	37910	37910	20.00	164032.00
2016/10/27	00:48	37910	37920	37910	37920	40.00	164040.00
2016/10/27	00:49	37910	37920	37910	37920	48.00	164066.00
2016/10/27	00:50	37920	37930	37910	37910	122.00	164030.00
2016/10/27	00:51	37920	37920	37910	37920	24.00	164048.00
2016/10/27	00:52	37920	37930	37920	37920	64.00	164048.00
2016/10/27	00:53	37920	37920	37920	37920	62.00	164032.00
2016/10/27	00:54	37920	37930	37920	37930	34.00	164020.00
2016/10/27	00:55	37920	37930	37920	37930	74.00	164082.00
2016/10/27	00:56	37930	37940	37930	37930	232.00	164014.00
2016/10/27	00:57	37930	37950	37930	37930	296.00	163972.00
2016/10/27	00:58	37930	37940	37920	37920	130.00	163946.00
2016/10/27	00:59	37910	37920	37910	37920	134.00	163942.00
2016/10/27	01:00	37910	37930	37890	37930	334.00	163878.00
2016/10/27	09:01	37890	37910	37880	37890	1386.00	163974.00
2016/10/27	09:02	37880	37890	37880	37890	676.00	164046.00
2016/10/27	09:03	37890	37890	37860	37860	338.00	164142.00
2016/10/27	09:04	37870	37880	37860	37870	370.00	164120.00
2016/10/27	09:05	37880	37880	37860	37860	448.00	163938.00
2016/10/27	09:06	37860	37860	37830	37840	440.00	163920.00
2016/10/27	09:07	37840	37850	37830	37830	274.00	163894.00
2016/10/27	09:08	37830	37860	37830	37860	370.00	163732.00
2016/10/27	09:09	37860	37870	37850	37870	242.00	163732.00
2016/10/27	09:10	37870	37890	37860	37890	352.00	163748.00
2016/10/27	09:11	37880	37890	37880	37880	62.00	163764.00
2016/10/27	09:12	37890	37900	37880	37890	764.00	163968.00
2016/10/27	09:13	37900	37900	37880	37880	142.00	163992.00
2016/10/27	09:14	37880	37890	37860	37860	740.00	163920.00
2016/10/27	09:15	37860	37860	37850	37850	536.00	163928.00
2016/10/27	09:16	37850	37870	37840	37870	800.00	163714.00
2016/10/27	09:17	37870	37870	37860	37860	162.00	163634.00
2016/10/27	09:18	37870	37870	37860	37870	146.00	163626.00
2016/10/27	09:19	37860	37880	37860	37870	124.00	163574.00
2016/10/27	09:20	37870	37870	37860	37870	212.00	163598.00
2016/10/27	09:21	37860	37870	37850	37860	538.00	163566.00
2016/10/27	09:22	37860	37860	37860	37860	72.00	163536.00
2016/10/27	09:23	37850	37850	37810	37810	608.00	163604.00
2016/10/27	09:24	37820	37840	37810	37830	306.00	163644.00
2016/10/27	09:25	37840	37840	37820	37820	226.00	163560.00
2016/10/27	09:26	37820	37830	37800	37800	522.00	163570.00
2016/10/27	09:27	37810	37830	37800	37830	462.00	163506.00
2016/10/27	09:28	37820	37840	37820	37840	152.00	163458.00
2016/10/27	09:29	37830	37850	37830	37850	204.00	163448.00
2016/10/27	09:30	37850	37870	37840	37870	230.00	163424.00
2016/10/27	09:31	37870	37870	37850	37860	300.00	163412.00
2016/10/27	09:32	37860	37860	37840	37850	306.00	163498.00
2016/10/27	09:33	37840	37840	37840	37840	156.00	163510.00
2016/10/27	09:34	37840	37850	37830	37840	112.00	163502.00
2016/10/27	09:35	37840	37840	37820	37830	318.00	163516.00
2016/10/27	09:36	37820	37830	37820	37830	198.00	163596.00
2016/10/27	09:37	37820	37830	37820	37830	42.00	163582.00
2016/10/27	09:38	37820	37840	37820	37840	210.00	163602.00
2016/10/27	09:39	37830	37860	37830	37860	442.00	163770.00
2016/10/27	09:40	37860	37860	37850	37860	598.00	164094.00
2016/10/27	09:41	37850	37860	37840	37840	248.00	164094.00
2016/10/27	09:42	37840	37860	37840	37850	110.00	164076.00
2016/10/27	09:43	37850	37860	37840	37840	238.00	164114.00
2016/10/27	09:44	37840	37850	37830	37840	282.00	164150.00
2016/10/27	09:45	37830	37840	37820	37820	324.00	164168.00
2016/10/27	09:46	37830	37830	37800	37800	458.00	164244.00
2016/10/27	09:47	37800	37810	37790	37810	900.00	164132.00
2016/10/27	09:48	37800	37810	37800	37810	96.00	164126.00
2016/10/27	09:49	37810	37810	37800	37800	326.00	163958.00
2016/10/27	09:50	37800	37810	37800	37810	178.00	163912.00
2016/10/27	09:51	37810	37810	37800	37800	120.00	163948.00
2016/10/27	09:52	37810	37820	37800	37820	374.00	163946.00
2016/10/27	09:53	37810	37820	37810	37820	204.00	163814.00
2016/10/27	09:54	37820	37830	37810	37830	226.00	163828.00
2016/10/27	09:55	37820	37830	37810	37820	242.00	163802.00
2016/10/27	09:56	37820	37820	37810	37820	224.00	163774.00
2016/10/27	09:57	37810	37820	37810	37810	200.00	163876.00
2016/10/27	09:58	37800	37810	37800	37800	64.00	163896.00
2016/10/27	09:59	37800	37810	37800	37810	324.00	164036.00
2016/10/27	10:00	37800	37800	37780	37790	902.00	163506.00
2016/10/27	10:01	37790	37800	37780	37790	486.00	163372.00
2016/10/27	10:02	37800	37800	37790	37800	322.00	163232.00
2016/10/27	10:03	37800	37800	37790	37800	262.00	163242.00
2016/10/27	10:04	37790	37800	37780	37790	596.00	163088.00
2016/10/27	10:05	37780	37800	37780	37790	412.00	163094.00
2016/10/27	10:06	37780	37800	37770	37790	460.00	163144.00
2016/10/27	10:07	37790	37800	37780	37800	222.00	163120.00
2016/10/27	10:08	37790	37800	37770	37800	348.00	163124.00
2016/10/27	10:09	37800	37800	37790	37800	232.00	163262.00
2016/10/27	10:10	37800	37810	37800	37810	176.00	163218.00
2016/10/27	10:11	37800	37800	37790	37800	190.00	163180.00
2016/10/27	10:12	37810	37810	37800	37800	102.00	163174.00
2016/10/27	10:13	37800	37820	37800	37820	172.00	163152.00
2016/10/27	10:14	37820	37820	37810	37810	70.00	163150.00
2016/10/27	10:15	37820	37820	37800	37810	102.00	163132.00
2016/10/27	10:31	37800	37810	37800	37800	100.00	163134.00
2016/10/27	10:32	37800	37810	37800	37810	264.00	163092.00
2016/10/27	10:33	37810	37810	37800	37810	78.00	163110.00
2016/10/27	10:34	37800	37810	37800	37810	22.00	163116.00
2016/10/27	10:35	37800	37810	37800	37800	66.00	163144.00
2016/10/27	10:36	37810	37820	37800	37810	242.00	163260.00
2016/10/27	10:37	37810	37810	37800	37800	38.00	163266.00
2016/10/27	10:38	37800	37820	37800	37810	236.00	163256.00
2016/10/27	10:39	37810	37810	37800	37800	164.00	163290.00
2016/10/27	10:40	37800	37810	37800	37810	90.00	163330.00
2016/10/27	10:41	37810	37810	37800	37810	166.00	163296.00
2016/10/27	10:42	37810	37810	37800	37810	54.00	163304.00
2016/10/27	10:43	37800	37810	37800	37800	60.00	163326.00
2016/10/27	10:44	37810	37810	37800	37810	164.00	163430.00
2016/10/27	10:45	37800	37810	37800	37810	42.00	163444.00
2016/10/27	10:46	37810	37810	37800	37800	152.00	163458.00
2016/10/27	10:47	37800	37800	37800	37800	180.00	163444.00
2016/10/27	10:48	37800	37810	37800	37800	98.00	163410.00
2016/10/27	10:49	37800	37800	37800	37800	50.00	163408.00
2016/10/27	10:50	37810	37810	37800	37800	82.00	163392.00
2016/10/27	10:51	37800	37810	37800	37800	80.00	163398.00
2016/10/27	10:52	37810	37810	37790	37790	248.00	163336.00
2016/10/27	10:53	37790	37800	37790	37800	340.00	163210.00
2016/10/27	10:54	37790	37790	37770	37780	612.00	163314.00
2016/10/27	10:55	37780	37790	37780	37780	400.00	163344.00
2016/10/27	10:56	37780	37790	37780	37780	46.00	163324.00
2016/10/27	10:57	37780	37790	37780	37780	44.00	163352.00
2016/10/27	10:58	37780	37790	37770	37780	108.00	163354.00
2016/10/27	10:59	37790	37800	37790	37790	266.00	163192.00
2016/10/27	11:00	37780	37790	37780	37780	58.00	163220.00
2016/10/27	11:01	37780	37790	37770	37790	262.00	163230.00
2016/10/27	11:02	37780	37790	37780	37780	160.00	163170.00
2016/10/27	11:03	37780	37780	37770	37780	242.00	163136.00
2016/10/27	11:04	37780	37790	37760	37770	906.00	163490.00
2016/10/27	11:05	37770	37780	37760	37770	306.00	163412.00
2016/10/27	11:06	37770	37780	37760	37760	264.00	163410.00
2016/10/27	11:07	37770	37790	37770	37790	364.00	163296.00
2016/10/27	11:08	37790	37790	37780	37790	126.00	163286.00
2016/10/27	11:09	37780	37790	37780	37780	48.00	163268.00
2016/10/27	11:10	37780	37790	37770	37780	184.00	163308.00
2016/10/27	11:11	37780	37780	37760	37760	234.00	163262.00
2016/10/27	11:12	37760	37780	37760	37780	180.00	163228.00
2016/10/27	11:13	37770	37780	37760	37760	308.00	163256.00
2016/10/27	11:14	37760	37770	37740	37760	1314.00	163474.00
2016/10/27	11:15	37750	37770	37740	37760	892.00	163220.00
2016/10/27	11:16	37750	37780	37750	37770	748.00	163228.00
2016/10/27	11:17	37770	37770	37750	37760	416.00	163190.00
2016/10/27	11:18	37760	37760	37720	37750	1434.00	162770.00
2016/10/27	11:19	37760	37780	37750	37770	916.00	162564.00
2016/10/27	11:20	37770	37770	37750	37760	332.00	162484.00
2016/10/27	11:21	37760	37780	37750	37770	1166.00	162152.00
2016/10/27	11:22	37780	37780	37760	37760	202.00	162118.00
2016/10/27	11:23	37760	37790	37760	37760	642.00	162192.00
2016/10/27	11:24	37770	37770	37760	37760	372.00	162132.00
2016/10/27	11:25	37760	37760	37740	37740	456.00	162152.00
2016/10/27	11:26	37750	37760	37740	37750	576.00	161838.00
2016/10/27	11:27	37760	37760	37730	37740	632.00	162072.00
2016/10/27	11:28	37740	37750	37740	37750	386.00	162044.00
2016/10/27	11:29	37740	37750	37740	37740	78.00	162048.00
2016/10/27	11:30	37740	37750	37740	37750	302.00	162010.00
2016/10/27	13:31	37750	37760	37740	37740	296.00	162034.00
2016/10/27	13:32	37740	37750	37740	37740	102.00	162020.00
2016/10/27	13:33	37750	37750	37730	37730	582.00	162232.00
2016/10/27	13:34	37730	37750	37730	37740	282.00	162286.00
2016/10/27	13:35	37740	37750	37730	37750	274.00	162130.00
2016/10/27	13:36	37740	37760	37740	37760	192.00	162166.00
2016/10/27	13:37	37750	37770	37750	37760	226.00	162114.00
2016/10/27	13:38	37770	37770	37760	37760	198.00	162124.00
2016/10/27	13:39	37760	37780	37760	37770	308.00	162144.00
2016/10/27	13:40	37770	37770	37760	37770	48.00	162162.00
2016/10/27	13:41	37760	37770	37760	37770	56.00	162188.00
2016/10/27	13:42	37770	37780	37760	37780	446.00	162310.00
2016/10/27	13:43	37780	37780	37770	37770	86.00	162344.00
2016/10/27	13:44	37780	37780	37770	37780	132.00	162396.00
2016/10/27	13:45	37780	37790	37780	37780	824.00	162420.00
2016/10/27	13:46	37780	37780	37770	37770	96.00	162444.00
2016/10/27	13:47	37780	37780	37770	37770	44.00	162432.00
2016/10/27	13:48	37770	37780	37770	37770	28.00	162438.00
2016/10/27	13:49	37780	37780	37770	37780	48.00	162468.00
2016/10/27	13:50	37770	37780	37770	37770	244.00	162504.00
2016/10/27	13:51	37780	37780	37770	37770	114.00	162466.00
2016/10/27	13:52	37780	37780	37770	37770	26.00	162450.00
2016/10/27	13:53	37770	37780	37770	37770	138.00	162434.00
2016/10/27	13:54	37770	37790	37770	37790	316.00	162500.00
2016/10/27	13:55	37790	37810	37780	37800	620.00	162456.00
2016/10/27	13:56	37800	37810	37790	37800	510.00	162622.00
2016/10/27	13:57	37790	37800	37790	37790	284.00	162502.00
2016/10/27	13:58	37790	37810	37780	37810	422.00	162622.00
2016/10/27	13:59	37810	37810	37790	37800	212.00	162600.00
2016/10/27	14:00	37800	37800	37790	37790	66.00	162594.00
2016/10/27	14:01	37790	37810	37790	37810	276.00	162692.00
2016/10/27	14:02	37810	37810	37800	37810	284.00	162588.00
2016/10/27	14:03	37820	37830	37810	37830	804.00	162558.00
2016/10/27	14:04	37830	37830	37810	37810	412.00	162674.00
2016/10/27	14:05	37810	37820	37810	37810	106.00	162678.00
2016/10/27	14:06	37820	37830	37810	37830	686.00	162840.00
2016/10/27	14:07	37830	37840	37810	37820	286.00	162816.00
2016/10/27	14:08	37810	37830	37810	37820	132.00	162768.00
2016/10/27	14:09	37830	37840	37820	37820	402.00	162888.00
2016/10/27	14:10	37830	37830	37820	37830	188.00	162934.00
2016/10/27	14:11	37820	37830	37820	37820	188.00	162946.00
2016/10/27	14:12	37820	37830	37810	37810	198.00	162912.00
2016/10/27	14:13	37810	37820	37810	37810	212.00	162850.00
2016/10/27	14:14	37810	37810	37800	37800	450.00	162816.00
2016/10/27	14:15	37810	37810	37790	37800	508.00	162690.00
2016/10/27	14:16	37790	37810	37790	37800	474.00	162666.00
2016/10/27	14:17	37800	37830	37800	37820	870.00	162196.00
2016/10/27	14:18	37830	37830	37820	37820	106.00	162154.00
2016/10/27	14:19	37820	37830	37810	37820	1258.00	161838.00
2016/10/27	14:20	37820	37830	37810	37830	306.00	161772.00
2016/10/27	14:21	37830	37830	37810	37830	562.00	161682.00
2016/10/27	14:22	37830	37840	37810	37820	218.00	161622.00
2016/10/27	14:23	37810	37820	37810	37820	228.00	161624.00
2016/10/27	14:24	37830	37830	37820	37830	20.00	161622.00
2016/10/27	14:25	37830	37830	37810	37810	200.00	161566.00
2016/10/27	14:26	37810	37810	37800	37800	148.00	161550.00
2016/10/27	14:27	37800	37820	37800	37810	176.00	161540.00
2016/10/27	14:28	37820	37820	37810	37810	104.00	161552.00
2016/10/27	14:29	37820	37820	37810	37820	216.00	161480.00
2016/10/27	14:30	37830	37840	37820	37840	634.00	161448.00
2016/10/27	14:31	37830	37850	37830	37840	852.00	161388.00
2016/10/27	14:32	37840	37840	37830	37830	110.00	161396.00
2016/10/27	14:33	37830	37830	37820	37820	234.00	161402.00
2016/10/27	14:34	37820	37820	37820	37820	92.00	161398.00
2016/10/27	14:35	37820	37830	37820	37830	114.00	161340.00
2016/10/27	14:36	37820	37840	37820	37830	256.00	161260.00
2016/10/27	14:37	37830	37830	37820	37820	90.00	161260.00
2016/10/27	14:38	37830	37830	37800	37800	432.00	161412.00
2016/10/27	14:39	37800	37810	37800	37810	178.00	161346.00
2016/10/27	14:40	37810	37810	37800	37800	8.00	161342.00
2016/10/27	14:41	37800	37810	37800	37810	90.00	161308.00
2016/10/27	14:42	37810	37820	37810	37820	42.00	161298.00
2016/10/27	14:43	37820	37840	37820	37840	328.00	161280.00
2016/10/27	14:44	37850	37860	37820	37820	822.00	161212.00
2016/10/27	14:45	37830	37840	37830	37830	120.00	161174.00
2016/10/27	14:46	37840	37840	37830	37830	162.00	161144.00
2016/10/27	14:47	37840	37850	37830	37840	240.00	161152.00
2016/10/27	14:48	37840	37860	37840	37840	480.00	161348.00
2016/10/27	14:49	37850	37860	37840	37840	462.00	161480.00
2016/10/27	14:50	37850	37860	37840	37850	318.00	161418.00
2016/10/27	14:51	37850	37860	37820	37820	606.00	161396.00
2016/10/27	14:52	37820	37840	37820	37820	432.00	161186.00
2016/10/27	14:53	37830	37840	37820	37820	288.00	161006.00
2016/10/27	14:54	37820	37840	37820	37830	326.00	160902.00
2016/10/27	14:55	37830	37840	37820	37830	420.00	160742.00
2016/10/27	14:56	37840	37840	37820	37820	424.00	160692.00
2016/10/27	14:57	37830	37830	37810	37820	586.00	160680.00
2016/10/27	14:58	37820	37820	37810	37810	382.00	160522.00
2016/10/27	14:59	37810	37820	37810	37810	470.00	160422.00
2016/10/27	15:00	37820	37820	37800	37820	696.00	160052.00
2016/10/27	21:01	38020	38040	37990	38010	3948.00	160380.00
2016/10/27	21:02	38010	38020	37990	38000	1658.00	160122.00
2016/10/27	21:03	38000	38000	37980	37980	1360.00	159986.00
2016/10/27	21:04	37980	38000	37980	38000	1442.00	159798.00
2016/10/27	21:05	38000	38030	37990	38030	1558.00	159946.00
2016/10/27	21:06	38030	38050	38030	38040	1122.00	160178.00
2016/10/27	21:07	38030	38040	38010	38020	716.00	160084.00
2016/10/27	21:08	38020	38030	38010	38020	420.00	159980.00
2016/10/27	21:09	38010	38020	37990	37990	770.00	159906.00
2016/10/27	21:10	37990	38010	37980	38010	632.00	159886.00
2016/10/27	21:11	38010	38030	37990	38020	496.00	159866.00
2016/10/27	21:12	38020	38020	38000	38020	702.00	159734.00
2016/10/27	21:13	38000	38010	37990	37990	384.00	159692.00
2016/10/27	21:14	37990	38020	37990	38000	848.00	159756.00
2016/10/27	21:15	38000	38010	37990	38000	512.00	159676.00
2016/10/27	21:16	38010	38010	37990	37990	932.00	159938.00
2016/10/27	21:17	37990	37990	37960	37960	886.00	159992.00
2016/10/27	21:18	37970	38000	37950	37990	904.00	159940.00
2016/10/27	21:19	38000	38000	37960	37970	368.00	159884.00
2016/10/27	21:20	37970	37990	37960	37970	340.00	159970.00
2016/10/27	21:21	37980	37980	37960	37970	376.00	159950.00
2016/10/27	21:22	37980	37990	37960	37980	528.00	159656.00
2016/10/27	21:23	37980	37990	37970	37990	832.00	159468.00
2016/10/27	21:24	37990	38000	37970	37990	598.00	159202.00
2016/10/27	21:25	37990	38000	37970	37990	536.00	159008.00
2016/10/27	21:26	37990	38000	37970	37990	644.00	158794.00
2016/10/27	21:27	37990	38000	37980	37990	588.00	158564.00
2016/10/27	21:28	37990	38000	37970	38000	452.00	158400.00
2016/10/27	21:29	38000	38000	37980	37980	238.00	158370.00
2016/10/27	21:30	37990	37990	37980	37980	444.00	158244.00
2016/10/27	21:31	37990	38010	37980	38000	490.00	158146.00
2016/10/27	21:32	38000	38010	38000	38010	560.00	158344.00
2016/10/27	21:33	38020	38020	38010	38010	558.00	158184.00
2016/10/27	21:34	38010	38010	38000	38010	264.00	158078.00
2016/10/27	21:35	38010	38040	38010	38030	588.00	157984.00
2016/10/27	21:36	38020	38030	38000	38020	476.00	157936.00
2016/10/27	21:37	38000	38020	38000	38020	460.00	157724.00
2016/10/27	21:38	38020	38020	38000	38000	168.00	157708.00
2016/10/27	21:39	38010	38020	37990	38000	640.00	157678.00
2016/10/27	21:40	38010	38010	37990	37990	220.00	157638.00
2016/10/27	21:41	37990	38000	37990	37990	172.00	157592.00
2016/10/27	21:42	37990	37990	37970	37990	486.00	157584.00
2016/10/27	21:43	37980	37980	37960	37970	420.00	157520.00
2016/10/27	21:44	37970	38000	37970	37990	382.00	157512.00
2016/10/27	21:45	37990	37990	37980	37990	102.00	157452.00
2016/10/27	21:46	37990	38010	37980	38000	594.00	157408.00
2016/10/27	21:47	38000	38020	38000	38020	290.00	157514.00
2016/10/27	21:48	38020	38020	38010	38010	302.00	157556.00
2016/10/27	21:49	38010	38020	38010	38010	628.00	157712.00
2016/10/27	21:50	38010	38010	37990	37990	256.00	157704.00
2016/10/27	21:51	37990	38000	37990	37990	224.00	157714.00
2016/10/27	21:52	37990	38000	37990	38000	252.00	157674.00
2016/10/27	21:53	38000	38010	37990	37990	90.00	157658.00
2016/10/27	21:54	38000	38010	38000	38010	200.00	157566.00
2016/10/27	21:55	38010	38030	38010	38030	476.00	157654.00
2016/10/27	21:56	38030	38030	38010	38010	440.00	157628.00
2016/10/27	21:57	38010	38030	38010	38030	110.00	157650.00
2016/10/27	21:58	38030	38050	38020	38040	778.00	157772.00
2016/10/27	21:59	38040	38040	38030	38040	358.00	157822.00
2016/10/27	22:00	38040	38040	38020	38030	234.00	157850.00
2016/10/27	22:01	38020	38070	38020	38060	1534.00	158114.00
2016/10/27	22:02	38060	38070	38050	38060	880.00	157984.00
2016/10/27	22:03	38060	38060	38050	38050	178.00	158010.00
2016/10/27	22:04	38050	38070	38050	38060	400.00	157938.00
2016/10/27	22:05	38060	38080	38060	38070	868.00	158026.00
2016/10/27	22:06	38060	38060	38040	38050	460.00	158076.00
2016/10/27	22:07	38040	38050	38030	38030	330.00	157988.00
2016/10/27	22:08	38030	38040	38010	38020	440.00	158032.00
2016/10/27	22:09	38020	38030	38010	38030	330.00	158004.00
2016/10/27	22:10	38030	38040	38020	38040	364.00	158032.00
2016/10/27	22:11	38030	38040	38020	38040	394.00	158024.00
2016/10/27	22:12	38030	38030	38010	38010	404.00	157938.00
2016/10/27	22:13	38020	38030	38010	38030	154.00	157916.00
2016/10/27	22:14	38020	38030	38020	38020	116.00	157876.00
2016/10/27	22:15	38020	38040	38010	38040	396.00	157802.00
2016/10/27	22:16	38050	38050	38020	38030	282.00	157798.00
2016/10/27	22:17	38030	38030	38020	38030	308.00	157764.00
2016/10/27	22:18	38030	38040	38030	38030	50.00	157762.00
2016/10/27	22:19	38030	38050	38030	38050	168.00	157798.00
2016/10/27	22:20	38050	38050	38040	38040	206.00	157838.00
2016/10/27	22:21	38040	38050	38040	38050	96.00	157834.00
2016/10/27	22:22	38040	38040	38020	38020	402.00	157872.00
2016/10/27	22:23	38030	38040	38020	38020	518.00	157838.00
2016/10/27	22:24	38020	38030	38020	38020	80.00	157834.00
2016/10/27	22:25	38020	38040	38010	38010	390.00	157648.00
2016/10/27	22:26	38020	38020	37980	38010	1664.00	157088.00
2016/10/27	22:27	38000	38000	37980	37990	472.00	157144.00
2016/10/27	22:28	37990	38000	37980	37990	132.00	157076.00
2016/10/27	22:29	37990	38000	37980	37990	146.00	157012.00
2016/10/27	22:30	37990	38000	37990	37990	268.00	156944.00
2016/10/27	22:31	37980	37990	37980	37980	282.00	156952.00
2016/10/27	22:32	37990	38000	37980	38000	148.00	156874.00
2016/10/27	22:33	37990	38010	37990	38010	652.00	156784.00
2016/10/27	22:34	38010	38030	38000	38030	214.00	156812.00
2016/10/27	22:35	38020	38060	38020	38050	994.00	156768.00
2016/10/27	22:36	38050	38060	38030	38040	546.00	156822.00
2016/10/27	22:37	38050	38050	38040	38040	316.00	156804.00
2016/10/27	22:38	38040	38080	38040	38060	1126.00	156838.00
2016/10/27	22:39	38060	38060	38030	38030	398.00	156772.00
2016/10/27	22:40	38030	38040	38030	38040	242.00	156784.00
2016/10/27	22:41	38040	38070	38040	38050	652.00	156910.00
2016/10/27	22:42	38050	38060	38040	38040	364.00	156926.00
2016/10/27	22:43	38040	38060	38040	38050	192.00	156956.00
2016/10/27	22:44	38050	38060	38040	38060	226.00	156988.00
2016/10/27	22:45	38050	38050	38040	38040	134.00	156972.00
2016/10/27	22:46	38050	38060	38040	38050	438.00	156978.00
2016/10/27	22:47	38050	38060	38050	38050	66.00	156952.00
2016/10/27	22:48	38050	38060	38050	38050	76.00	156934.00
2016/10/27	22:49	38060	38060	38040	38050	198.00	156934.00
2016/10/27	22:50	38050	38060	38050	38060	132.00	156884.00
2016/10/27	22:51	38060	38060	38050	38050	104.00	156900.00
2016/10/27	22:52	38050	38060	38040	38050	230.00	156862.00
2016/10/27	22:53	38050	38060	38050	38050	122.00	156870.00
2016/10/27	22:54	38050	38050	38050	38050	212.00	156812.00
2016/10/27	22:55	38050	38060	38050	38060	114.00	156780.00
2016/10/27	22:56	38050	38060	38040	38050	338.00	156796.00
2016/10/27	22:57	38050	38050	38040	38040	382.00	156892.00
2016/10/27	22:58	38050	38050	38030	38030	338.00	156894.00
2016/10/27	22:59	38030	38040	38030	38030	220.00	156838.00
2016/10/27	23:00	38030	38040	38020	38030	172.00	156746.00
2016/10/27	23:01	38030	38040	38020	38040	148.00	156694.00
2016/10/27	23:02	38030	38030	38010	38010	186.00	156618.00
2016/10/27	23:03	38020	38040	38010	38020	282.00	156566.00
2016/10/27	23:04	38030	38040	38030	38040	136.00	156504.00
2016/10/27	23:05	38040	38040	38030	38040	244.00	156402.00
2016/10/27	23:06	38030	38050	38030	38050	360.00	156432.00
2016/10/27	23:07	38040	38050	38040	38050	312.00	156390.00
2016/10/27	23:08	38040	38060	38040	38050	132.00	156408.00
2016/10/27	23:09	38050	38060	38050	38050	222.00	156544.00
2016/10/27	23:10	38060	38070	38050	38060	374.00	156720.00
2016/10/27	23:11	38060	38060	38050	38060	90.00	156754.00
2016/10/27	23:12	38060	38060	38050	38060	36.00	156748.00
2016/10/27	23:13	38050	38060	38040	38040	172.00	156766.00
2016/10/27	23:14	38040	38060	38040	38050	82.00	156750.00
2016/10/27	23:15	38060	38060	38050	38060	188.00	156726.00
2016/10/27	23:16	38060	38060	38050	38060	38.00	156738.00
2016/10/27	23:17	38060	38070	38050	38070	112.00	156704.00
2016/10/27	23:18	38060	38070	38060	38070	274.00	156758.00
2016/10/27	23:19	38070	38070	38060	38060	64.00	156732.00
2016/10/27	23:20	38060	38090	38060	38080	1054.00	156880.00
2016/10/27	23:21	38090	38100	38080	38090	732.00	157136.00
2016/10/27	23:22	38100	38100	38080	38080	520.00	157238.00
2016/10/27	23:23	38080	38090	38070	38070	290.00	157058.00
2016/10/27	23:24	38070	38080	38060	38080	508.00	157160.00
2016/10/27	23:25	38080	38080	38070	38070	112.00	157156.00
2016/10/27	23:26	38080	38100	38070	38100	298.00	157118.00
2016/10/27	23:27	38100	38120	38090	38110	882.00	157222.00
2016/10/27	23:28	38110	38110	38090	38090	296.00	157238.00
2016/10/27	23:29	38100	38110	38100	38110	232.00	157326.00
2016/10/27	23:30	38110	38110	38100	38100	96.00	157316.00
2016/10/27	23:31	38100	38140	38100	38130	1356.00	157448.00
2016/10/27	23:32	38130	38140	38110	38120	806.00	157484.00
2016/10/27	23:33	38130	38130	38120	38130	422.00	157482.00
2016/10/27	23:34	38130	38130	38100	38110	480.00	157520.00
2016/10/27	23:35	38100	38120	38100	38110	306.00	157522.00
2016/10/27	23:36	38110	38120	38100	38120	234.00	157476.00
2016/10/27	23:37	38120	38120	38100	38100	224.00	157498.00
2016/10/27	23:38	38100	38110	38090	38100	140.00	157548.00
2016/10/27	23:39	38090	38100	38090	38090	82.00	157584.00
2016/10/27	23:40	38090	38100	38090	38090	124.00	157586.00
2016/10/27	23:41	38100	38110	38090	38110	322.00	157592.00
2016/10/27	23:42	38110	38120	38100	38110	206.00	157632.00
2016/10/27	23:43	38120	38130	38110	38130	654.00	157710.00
2016/10/27	23:44	38130	38130	38110	38110	356.00	157734.00
2016/10/27	23:45	38120	38120	38110	38110	196.00	157700.00
2016/10/27	23:46	38110	38130	38110	38120	150.00	157704.00
2016/10/27	23:47	38120	38130	38120	38120	170.00	157732.00
2016/10/27	23:48	38120	38120	38110	38120	254.00	157522.00
2016/10/27	23:49	38110	38120	38110	38120	82.00	157510.00
2016/10/27	23:50	38110	38130	38110	38120	328.00	157476.00
2016/10/27	23:51	38130	38140	38120	38130	296.00	157532.00
2016/10/27	23:52	38130	38130	38120	38130	128.00	157582.00
2016/10/27	23:53	38130	38130	38100	38110	338.00	157570.00
2016/10/27	23:54	38100	38120	38100	38120	178.00	157552.00
2016/10/27	23:55	38120	38140	38110	38110	276.00	157550.00
2016/10/27	23:56	38110	38120	38110	38120	138.00	157510.00
2016/10/27	23:57	38110	38120	38110	38120	30.00	157496.00
2016/10/27	23:58	38120	38120	38120	38120	46.00	157490.00
2016/10/27	23:59	38120	38130	38120	38130	32.00	157480.00
2016/10/28	00:00	38130	38130	38120	38120	52.00	157452.00
2016/10/28	00:01	38120	38130	38120	38120	130.00	157442.00
2016/10/28	00:02	38130	38130	38120	38120	38.00	157430.00
2016/10/28	00:03	38120	38130	38110	38120	200.00	157448.00
2016/10/28	00:04	38110	38130	38110	38120	30.00	157452.00
2016/10/28	00:05	38120	38130	38120	38130	42.00	157438.00
2016/10/28	00:06	38130	38130	38120	38120	256.00	157546.00
2016/10/28	00:07	38120	38130	38120	38130	30.00	157554.00
2016/10/28	00:08	38120	38130	38120	38130	32.00	157564.00
2016/10/28	00:09	38120	38140	38120	38140	96.00	157528.00
2016/10/28	00:10	38130	38140	38130	38130	62.00	157518.00
2016/10/28	00:11	38130	38150	38130	38140	410.00	157632.00
2016/10/28	00:12	38140	38150	38130	38130	116.00	157672.00
2016/10/28	00:13	38140	38150	38130	38150	262.00	157528.00
2016/10/28	00:14	38140	38140	38140	38140	142.00	157470.00
2016/10/28	00:15	38130	38140	38130	38140	44.00	157458.00
2016/10/28	00:16	38130	38140	38130	38140	8.00	157454.00
2016/10/28	00:17	38140	38140	38130	38130	54.00	157452.00
2016/10/28	00:18	38130	38140	38130	38130	136.00	157434.00
2016/10/28	00:19	38130	38130	38120	38120	230.00	157460.00
2016/10/28	00:20	38120	38130	38120	38130	40.00	157444.00
2016/10/28	00:21	38120	38130	38120	38120	24.00	157432.00
2016/10/28	00:22	38120	38120	38120	38120	40.00	157434.00
2016/10/28	00:23	38120	38120	38120	38120	90.00	157380.00
2016/10/28	00:24	38130	38140	38120	38130	168.00	157324.00
2016/10/28	00:25	38140	38150	38130	38140	220.00	157358.00
2016/10/28	00:26	38140	38150	38140	38140	104.00	157396.00
2016/10/28	00:27	38140	38150	38140	38150	96.00	157434.00
2016/10/28	00:28	38140	38150	38140	38140	70.00	157486.00
2016/10/28	00:29	38140	38140	38140	38140	66.00	157456.00
2016/10/28	00:30	38130	38140	38130	38130	18.00	157468.00
2016/10/28	00:31	38140	38140	38140	38140	2.00	157468.00
2016/10/28	00:32	38140	38140	38130	38130	10.00	157468.00
2016/10/28	00:33	38130	38140	38130	38140	80.00	157398.00
2016/10/28	00:34	38140	38140	38130	38130	34.00	157386.00
2016/10/28	00:35	38130	38140	38130	38140	140.00	157322.00
2016/10/28	00:36	38140	38140	38130	38130	166.00	157364.00
2016/10/28	00:38	38130	38130	38130	38130	78.00	157394.00
2016/10/28	00:39	38140	38140	38120	38120	178.00	157352.00
2016/10/28	00:40	38120	38130	38110	38110	96.00	157274.00
2016/10/28	00:41	38110	38120	38080	38080	680.00	156938.00
2016/10/28	00:42	38080	38090	38070	38080	262.00	156754.00
2016/10/28	00:43	38080	38080	38060	38060	292.00	156646.00
2016/10/28	00:44	38070	38080	38060	38080	134.00	156560.00
2016/10/28	00:45	38080	38080	38070	38080	76.00	156548.00
2016/10/28	00:46	38080	38080	38070	38080	94.00	156510.00
2016/10/28	00:47	38080	38080	38080	38080	142.00	156446.00
2016/10/28	00:48	38090	38090	38080	38090	22.00	156436.00
2016/10/28	00:49	38090	38090	38090	38090	4.00	156440.00
2016/10/28	00:50	38090	38100	38080	38100	128.00	156414.00
2016/10/28	00:51	38100	38100	38090	38100	78.00	156400.00
2016/10/28	00:52	38100	38100	38080	38090	102.00	156360.00
2016/10/28	00:53	38090	38090	38080	38090	22.00	156362.00
2016/10/28	00:54	38080	38090	38080	38080	66.00	156328.00
2016/10/28	00:55	38090	38090	38080	38080	26.00	156326.00
2016/10/28	00:56	38080	38090	38080	38090	36.00	156328.00
2016/10/28	00:57	38090	38090	38080	38090	176.00	156258.00
2016/10/28	00:58	38090	38090	38080	38080	290.00	156078.00
2016/10/28	00:59	38080	38090	38070	38090	192.00	156042.00
2016/10/28	01:00	38090	38100	38090	38100	210.00	155950.00
2016/10/28	09:01	38080	38110	38070	38100	1088.00	156108.00
2016/10/28	09:02	38110	38110	38040	38060	1158.00	156114.00
2016/10/28	09:03	38060	38080	38050	38050	394.00	155958.00
2016/10/28	09:04	38060	38070	38050	38060	350.00	155848.00
2016/10/28	09:05	38060	38080	38050	38070	696.00	155576.00
2016/10/28	09:06	38080	38110	38070	38110	592.00	155702.00
2016/10/28	09:07	38120	38120	38080	38090	688.00	155902.00
2016/10/28	09:08	38090	38090	38070	38080	274.00	155986.00
2016/10/28	09:09	38080	38100	38080	38100	400.00	156038.00
2016/10/28	09:10	38090	38150	38090	38150	1250.00	156090.00
2016/10/28	09:11	38150	38150	38110	38140	1438.00	155912.00
2016/10/28	09:12	38130	38160	38120	38160	890.00	156084.00
2016/10/28	09:13	38160	38170	38140	38140	1248.00	156264.00
2016/10/28	09:14	38140	38150	38130	38130	568.00	156254.00
2016/10/28	09:15	38130	38130	38120	38130	282.00	156250.00
2016/10/28	09:16	38120	38150	38120	38150	424.00	156268.00
2016/10/28	09:17	38150	38150	38120	38120	556.00	156244.00
2016/10/28	09:18	38130	38130	38100	38110	494.00	156244.00
2016/10/28	09:19	38100	38110	38100	38110	236.00	156218.00
2016/10/28	09:20	38100	38110	38100	38110	156.00	156262.00
2016/10/28	09:21	38110	38120	38100	38100	458.00	156338.00
2016/10/28	09:22	38100	38100	38060	38060	800.00	156302.00
2016/10/28	09:23	38060	38090	38060	38080	620.00	156240.00
2016/10/28	09:24	38080	38080	38060	38070	448.00	156060.00
2016/10/28	09:25	38070	38080	38070	38080	226.00	156052.00
2016/10/28	09:26	38080	38080	38070	38070	536.00	156254.00
2016/10/28	09:27	38070	38080	38060	38070	132.00	156228.00
2016/10/28	09:28	38080	38090	38070	38090	132.00	156246.00
2016/10/28	09:29	38090	38100	38080	38090	244.00	156258.00
2016/10/28	09:30	38090	38100	38080	38100	188.00	156188.00
2016/10/28	09:31	38090	38110	38090	38110	270.00	156306.00
2016/10/28	09:32	38110	38110	38100	38100	572.00	156128.00
2016/10/28	09:33	38100	38110	38090	38110	420.00	155970.00
2016/10/28	09:34	38100	38110	38100	38110	180.00	155892.00
2016/10/28	09:35	38110	38120	38110	38120	282.00	155856.00
2016/10/28	09:36	38120	38120	38100	38100	222.00	155842.00
2016/10/28	09:37	38100	38110	38100	38110	526.00	155674.00
2016/10/28	09:38	38110	38130	38110	38130	262.00	155718.00
2016/10/28	09:39	38130	38140	38130	38130	462.00	155698.00
2016/10/28	09:40	38130	38130	38100	38110	640.00	155522.00
2016/10/28	09:41	38110	38120	38110	38110	178.00	155562.00
2016/10/28	09:42	38120	38120	38110	38120	86.00	155554.00
2016/10/28	09:43	38120	38120	38100	38110	330.00	155544.00
2016/10/28	09:44	38110	38120	38110	38110	140.00	155560.00
2016/10/28	09:45	38110	38120	38100	38120	274.00	155548.00
2016/10/28	09:46	38130	38130	38120	38130	66.00	155564.00
2016/10/28	09:47	38130	38150	38120	38130	502.00	155594.00
2016/10/28	09:48	38140	38140	38130	38140	238.00	155628.00
2016/10/28	09:49	38130	38150	38130	38150	624.00	155842.00
2016/10/28	09:50	38140	38180	38140	38180	1108.00	155832.00
2016/10/28	09:51	38180	38220	38180	38210	4190.00	155884.00
2016/10/28	09:52	38220	38290	38210	38270	3800.00	156792.00
2016/10/28	09:53	38270	38340	38270	38320	4474.00	157902.00
2016/10/28	09:54	38320	38320	38270	38290	2184.00	158166.00
2016/10/28	09:55	38280	38290	38260	38280	1330.00	158226.00
2016/10/28	09:56	38280	38300	38280	38300	1500.00	158046.00
2016/10/28	09:57	38300	38310	38280	38310	744.00	158254.00
2016/10/28	09:58	38310	38310	38290	38290	728.00	158322.00
2016/10/28	09:59	38290	38310	38290	38310	512.00	158278.00
2016/10/28	10:00	38300	38310	38290	38290	962.00	158512.00
2016/10/28	10:01	38300	38310	38270	38270	1638.00	158606.00
2016/10/28	10:02	38270	38280	38260	38270	542.00	158478.00
2016/10/28	10:03	38270	38280	38260	38260	436.00	158408.00
2016/10/28	10:04	38270	38270	38250	38270	654.00	158422.00
2016/10/28	10:05	38270	38270	38260	38270	432.00	158252.00
2016/10/28	10:06	38270	38280	38260	38280	530.00	158278.00
2016/10/28	10:07	38280	38290	38260	38280	1384.00	158318.00
2016/10/28	10:08	38280	38280	38260	38270	508.00	158140.00
2016/10/28	10:09	38270	38270	38260	38270	790.00	158074.00
2016/10/28	10:10	38270	38270	38250	38250	812.00	158156.00
2016/10/28	10:11	38260	38260	38230	38240	816.00	158010.00
2016/10/28	10:12	38240	38250	38210	38230	1058.00	157498.00
2016/10/28	10:13	38230	38260	38230	38250	546.00	157304.00
2016/10/28	10:14	38250	38250	38240	38250	406.00	157098.00
2016/10/28	10:15	38250	38250	38240	38250	274.00	157048.00
2016/10/28	10:31	38240	38250	38240	38240	270.00	157178.00
2016/10/28	10:32	38250	38250	38230	38230	632.00	157124.00
2016/10/28	10:33	38230	38240	38230	38230	306.00	157034.00
2016/10/28	10:34	38240	38240	38240	38240	116.00	157020.00
2016/10/28	10:35	38240	38240	38230	38230	428.00	157082.00
2016/10/28	10:36	38240	38240	38220	38230	370.00	157134.00
2016/10/28	10:37	38230	38240	38220	38220	204.00	157104.00
2016/10/28	10:38	38230	38230	38220	38220	212.00	157066.00
2016/10/28	10:39	38220	38230	38220	38230	66.00	157082.00
2016/10/28	10:40	38220	38230	38220	38230	40.00	157098.00
2016/10/28	10:41	38230	38230	38220	38230	120.00	157086.00
2016/10/28	10:42	38230	38230	38220	38220	212.00	157014.00
2016/10/28	10:43	38230	38230	38220	38230	310.00	157020.00
2016/10/28	10:44	38230	38230	38190	38190	738.00	156960.00
2016/10/28	10:45	38200	38200	38170	38190	1566.00	156466.00
2016/10/28	10:46	38200	38200	38180	38180	322.00	156364.00
2016/10/28	10:47	38180	38200	38180	38200	600.00	156068.00
2016/10/28	10:48	38200	38210	38190	38200	200.00	156016.00
2016/10/28	10:49	38210	38220	38210	38220	244.00	156044.00
2016/10/28	10:50	38220	38230	38220	38230	264.00	156038.00
2016/10/28	10:51	38230	38240	38220	38240	298.00	155920.00
2016/10/28	10:52	38240	38250	38230	38250	310.00	155826.00
2016/10/28	10:53	38250	38260	38240	38250	836.00	155864.00
2016/10/28	10:54	38250	38250	38240	38250	178.00	155880.00
2016/10/28	10:55	38240	38250	38230	38230	160.00	155872.00
2016/10/28	10:56	38230	38250	38230	38250	224.00	155914.00
2016/10/28	10:57	38250	38250	38240	38240	60.00	155918.00
2016/10/28	10:58	38250	38250	38230	38230	364.00	155908.00
2016/10/28	10:59	38230	38240	38220	38230	412.00	156028.00
2016/10/28	11:00	38230	38230	38220	38220	252.00	156034.00
2016/10/28	11:01	38230	38230	38220	38220	154.00	156074.00
2016/10/28	11:02	38230	38250	38220	38250	460.00	156194.00
2016/10/28	11:03	38250	38250	38230	38230	186.00	156148.00
2016/10/28	11:04	38230	38230	38220	38220	344.00	156350.00
2016/10/28	11:05	38230	38230	38210	38220	316.00	156570.00
2016/10/28	11:06	38220	38230	38220	38230	172.00	156606.00
2016/10/28	11:07	38230	38240	38220	38240	330.00	156624.00
2016/10/28	11:08	38240	38240	38230	38240	162.00	156494.00
2016/10/28	11:09	38240	38240	38230	38230	114.00	156492.00
2016/10/28	11:10	38240	38240	38230	38240	116.00	156492.00
2016/10/28	11:11	38240	38250	38240	38240	448.00	156496.00
2016/10/28	11:12	38250	38250	38230	38230	114.00	156474.00
2016/10/28	11:13	38240	38250	38230	38240	126.00	156498.00
2016/10/28	11:14	38240	38250	38240	38240	38.00	156508.00
2016/10/28	11:15	38240	38240	38240	38240	12.00	156512.00
2016/10/28	11:16	38250	38260	38240	38250	200.00	156556.00
2016/10/28	11:17	38250	38250	38240	38240	160.00	156522.00
2016/10/28	11:18	38250	38260	38250	38250	312.00	156620.00
2016/10/28	11:19	38250	38270	38250	38270	384.00	156708.00
2016/10/28	11:20	38270	38270	38260	38270	220.00	156724.00
2016/10/28	11:21	38270	38270	38250	38250	172.00	156732.00
2016/10/28	11:22	38250	38260	38250	38260	36.00	156714.00
2016/10/28	11:23	38260	38270	38260	38270	184.00	156654.00
2016/10/28	11:24	38270	38270	38260	38270	98.00	156654.00
2016/10/28	11:25	38260	38270	38260	38260	424.00	156746.00
2016/10/28	11:26	38270	38270	38250	38250	108.00	156798.00
2016/10/28	11:27	38250	38270	38250	38270	124.00	156870.00
2016/10/28	11:28	38260	38270	38260	38260	526.00	157050.00
2016/10/28	11:29	38270	38270	38260	38270	128.00	157088.00
2016/10/28	11:30	38260	38280	38260	38280	486.00	157152.00
2016/10/28	13:31	38290	38290	38270	38270	1168.00	157116.00
2016/10/28	13:32	38280	38280	38260	38260	288.00	157164.00
2016/10/28	13:33	38260	38260	38220	38240	630.00	156970.00
2016/10/28	13:34	38240	38240	38230	38230	126.00	156970.00
2016/10/28	13:35	38240	38250	38240	38240	434.00	156914.00
2016/10/28	13:36	38250	38260	38240	38260	336.00	156960.00
2016/10/28	13:37	38270	38270	38260	38270	74.00	156956.00
2016/10/28	13:38	38270	38270	38260	38260	70.00	156950.00
2016/10/28	13:39	38270	38270	38240	38250	506.00	157050.00
2016/10/28	13:40	38260	38270	38240	38260	264.00	157076.00
2016/10/28	13:41	38260	38260	38250	38250	298.00	157138.00
2016/10/28	13:42	38260	38260	38240	38240	146.00	157130.00
2016/10/28	13:43	38240	38250	38240	38250	606.00	156994.00
2016/10/28	13:44	38250	38250	38220	38220	566.00	156946.00
2016/10/28	13:45	38220	38230	38210	38220	522.00	156890.00
2016/10/28	13:46	38230	38230	38210	38230	390.00	156798.00
2016/10/28	13:47	38220	38230	38220	38230	62.00	156772.00
2016/10/28	13:48	38220	38230	38220	38220	120.00	156774.00
2016/10/28	13:49	38220	38230	38220	38230	138.00	156766.00
2016/10/28	13:50	38220	38230	38220	38220	186.00	156732.00
2016/10/28	13:51	38210	38230	38210	38220	100.00	156720.00
2016/10/28	13:52	38220	38230	38220	38230	152.00	156660.00
2016/10/28	13:53	38230	38230	38230	38230	18.00	156656.00
2016/10/28	13:54	38230	38230	38220	38230	54.00	156652.00
2016/10/28	13:55	38230	38230	38220	38220	36.00	156634.00
2016/10/28	13:56	38220	38230	38220	38220	114.00	156566.00
2016/10/28	13:57	38230	38230	38200	38200	414.00	156338.00
2016/10/28	13:58	38210	38220	38200	38210	370.00	156276.00
2016/10/28	13:59	38210	38240	38210	38230	294.00	156168.00
2016/10/28	14:00	38230	38240	38220	38220	170.00	156204.00
2016/10/28	14:01	38220	38230	38220	38230	186.00	156178.00
2016/10/28	14:02	38230	38230	38200	38200	312.00	156160.00
2016/10/28	14:03	38200	38220	38190	38200	648.00	155898.00
2016/10/28	14:04	38200	38210	38190	38190	398.00	155830.00
2016/10/28	14:05	38190	38200	38180	38200	268.00	155722.00
2016/10/28	14:06	38190	38200	38190	38200	316.00	155568.00
2016/10/28	14:07	38200	38220	38200	38220	240.00	155528.00
2016/10/28	14:08	38220	38220	38210	38220	132.00	155546.00
2016/10/28	14:09	38220	38220	38210	38220	336.00	155330.00
2016/10/28	14:10	38210	38220	38200	38210	236.00	155322.00
2016/10/28	14:11	38210	38220	38200	38220	338.00	155166.00
2016/10/28	14:12	38210	38230	38210	38230	334.00	155114.00
2016/10/28	14:13	38230	38240	38220	38240	446.00	155004.00
2016/10/28	14:14	38240	38240	38230	38230	32.00	155016.00
2016/10/28	14:15	38240	38240	38230	38240	94.00	154942.00
2016/10/28	14:16	38230	38270	38230	38250	978.00	154828.00
2016/10/28	14:17	38260	38260	38250	38250	242.00	154866.00
2016/10/28	14:18	38250	38260	38250	38260	92.00	154864.00
2016/10/28	14:19	38250	38260	38250	38250	16.00	154860.00
2016/10/28	14:20	38250	38250	38240	38250	400.00	154958.00
2016/10/28	14:21	38250	38250	38240	38240	26.00	154964.00
2016/10/28	14:22	38240	38250	38240	38240	46.00	154936.00
2016/10/28	14:23	38250	38260	38240	38250	268.00	154976.00
2016/10/28	14:24	38250	38280	38250	38280	366.00	155056.00
2016/10/28	14:25	38280	38280	38270	38270	126.00	155092.00
2016/10/28	14:26	38280	38290	38270	38280	714.00	155150.00
2016/10/28	14:27	38280	38280	38250	38250	500.00	155052.00
2016/10/28	14:28	38260	38280	38260	38270	308.00	155076.00
2016/10/28	14:29	38280	38290	38260	38270	474.00	155096.00
2016/10/28	14:30	38280	38280	38270	38280	318.00	155128.00
2016/10/28	14:31	38280	38280	38260	38260	338.00	155196.00
2016/10/28	14:32	38260	38280	38260	38270	180.00	155126.00
2016/10/28	14:33	38270	38280	38260	38270	260.00	155130.00
2016/10/28	14:34	38260	38280	38260	38260	144.00	155162.00
2016/10/28	14:35	38260	38270	38260	38260	188.00	155116.00
2016/10/28	14:36	38260	38270	38260	38270	134.00	155128.00
2016/10/28	14:37	38270	38280	38270	38280	256.00	155148.00
2016/10/28	14:38	38270	38290	38270	38280	516.00	155260.00
2016/10/28	14:39	38280	38290	38270	38280	482.00	155230.00
2016/10/28	14:40	38280	38290	38280	38280	150.00	155280.00
2016/10/28	14:41	38280	38290	38280	38280	272.00	155258.00
2016/10/28	14:42	38290	38290	38280	38280	348.00	155088.00
2016/10/28	14:43	38290	38290	38270	38280	248.00	155000.00
2016/10/28	14:44	38280	38290	38270	38280	460.00	154828.00
2016/10/28	14:45	38280	38290	38270	38280	266.00	154834.00
2016/10/28	14:46	38280	38290	38270	38280	404.00	154694.00
2016/10/28	14:47	38280	38280	38270	38280	352.00	154542.00
2016/10/28	14:48	38280	38290	38270	38270	148.00	154520.00
2016/10/28	14:49	38270	38280	38270	38280	308.00	154634.00
2016/10/28	14:50	38280	38280	38270	38280	252.00	154460.00
2016/10/28	14:51	38270	38280	38270	38270	138.00	154370.00
2016/10/28	14:52	38270	38280	38260	38280	522.00	154242.00
2016/10/28	14:53	38270	38290	38270	38280	526.00	154302.00
2016/10/28	14:54	38290	38290	38270	38280	266.00	154324.00
2016/10/28	14:55	38280	38290	38270	38280	234.00	154276.00
2016/10/28	14:56	38270	38280	38250	38250	930.00	153836.00
2016/10/28	14:57	38250	38260	38240	38250	370.00	153646.00
2016/10/28	14:58	38240	38260	38240	38260	286.00	153560.00
2016/10/28	14:59	38260	38270	38250	38260	510.00	153330.00
2016/10/28	15:00	38260	38290	38260	38270	1032.00	153130.00
2016/11/02	15:00	38730	38730	38570	38570	140636.00	122318.00
