2013/10/18	978.0	984.0	962.0	977.0	300818.00	65042.00
2013/10/21	976.0	977.0	960.0	969.0	95432.00	68130.00
2013/10/22	963.0	966.0	948.0	948.0	91296.00	76004.00
2013/10/23	949.0	953.0	936.0	939.0	116490.00	81162.00
2013/10/24	938.0	939.0	916.0	926.0	169028.00	87872.00
2013/10/25	928.0	936.0	917.0	918.0	104060.00	86472.00
2013/10/28	920.0	928.0	917.0	923.0	83790.00	93480.00
2013/10/29	924.0	925.0	913.0	921.0	105876.00	99058.00
2013/10/30	919.0	930.0	916.0	924.0	118272.00	91262.00
2013/10/31	925.0	927.0	920.0	922.0	74672.00	84820.00
2013/11/01	921.0	954.0	921.0	942.0	321242.00	107582.00
2013/11/04	943.0	957.0	942.0	950.0	175080.00	122298.00
2013/11/05	948.0	954.0	943.0	946.0	108384.00	121942.00
2013/11/06	949.0	951.0	942.0	944.0	69362.00	123650.00
2013/11/07	945.0	947.0	939.0	945.0	91676.00	124958.00
2013/11/08	947.0	948.0	936.0	939.0	66340.00	120532.00
2013/11/11	940.0	944.0	934.0	942.0	57564.00	112342.00
2013/11/12	940.0	944.0	936.0	943.0	45594.00	107938.00
2013/11/13	941.0	952.0	940.0	943.0	96484.00	110812.00
2013/11/14	940.0	944.0	937.0	937.0	55752.00	103446.00
2013/11/15	939.0	942.0	930.0	931.0	76014.00	102752.00
2013/11/18	931.0	935.0	925.0	932.0	52704.00	99378.00
2013/11/19	931.0	943.0	930.0	942.0	60164.00	106904.00
2013/11/20	943.0	946.0	940.0	942.0	43452.00	104228.00
2013/11/21	942.0	943.0	932.0	932.0	41322.00	105090.00
2013/11/22	934.0	935.0	929.0	931.0	52592.00	106092.00
2013/11/25	933.0	936.0	928.0	933.0	38196.00	104188.00
2013/11/26	934.0	943.0	934.0	941.0	72650.00	108162.00
2013/11/27	940.0	942.0	933.0	936.0	30614.00	106536.00
2013/11/28	933.0	940.0	933.0	939.0	27220.00	105728.00
2013/11/29	939.0	945.0	939.0	939.0	33364.00	106418.00
2013/12/02	940.0	941.0	934.0	936.0	41520.00	108744.00
2013/12/03	938.0	941.0	936.0	939.0	35426.00	105336.00
2013/12/04	942.0	955.0	941.0	952.0	94420.00	114382.00
2013/12/05	953.0	956.0	944.0	945.0	52990.00	114538.00
2013/12/06	944.0	945.0	938.0	941.0	40044.00	108430.00
2013/12/09	941.0	946.0	940.0	945.0	19390.00	112378.00
2013/12/10	946.0	947.0	942.0	942.0	16900.00	109726.00
2013/12/11	942.0	942.0	934.0	937.0	38984.00	108132.00
2013/12/12	936.0	938.0	930.0	930.0	35494.00	108944.00
2013/12/13	927.0	927.0	905.0	914.0	91394.00	116740.00
2013/12/16	913.0	923.0	912.0	918.0	39670.00	121312.00
2013/12/17	918.0	920.0	908.0	910.0	24582.00	124712.00
2013/12/18	908.0	913.0	902.0	906.0	71224.00	128188.00
2013/12/19	909.0	913.0	907.0	908.0	30298.00	128266.00
2013/12/20	909.0	913.0	901.0	905.0	34754.00	127190.00
2013/12/23	904.0	905.0	885.0	893.0	128512.00	135724.00
2013/12/24	892.0	907.0	892.0	900.0	95624.00	121156.00
2013/12/25	903.0	904.0	898.0	903.0	48792.00	114208.00
2013/12/26	903.0	904.0	885.0	896.0	84590.00	124116.00
2013/12/27	898.0	910.0	896.0	907.0	87282.00	107922.00
2013/12/30	908.0	920.0	908.0	911.0	85206.00	104050.00
2013/12/31	908.0	914.0	899.0	911.0	72580.00	98646.00
2014/01/02	912.0	912.0	899.0	907.0	56510.00	107880.00
2014/01/03	904.0	905.0	887.0	902.0	132754.00	122358.00
2014/01/06	900.0	900.0	888.0	893.0	108602.00	142642.00
2014/01/07	892.0	899.0	887.0	896.0	86452.00	149034.00
2014/01/08	895.0	897.0	884.0	892.0	101252.00	157264.00
2014/01/09	891.0	899.0	884.0	888.0	102048.00	161606.00
2014/01/10	885.0	886.0	870.0	881.0	180252.00	163378.00
2014/01/13	879.0	880.0	868.0	871.0	108274.00	178106.00
2014/01/14	875.0	881.0	866.0	880.0	94136.00	178102.00
2014/01/15	880.0	882.0	875.0	879.0	68854.00	184704.00
2014/01/16	880.0	885.0	875.0	879.0	66036.00	186510.00
2014/01/17	876.0	878.0	870.0	876.0	84072.00	184412.00
2014/01/20	872.0	876.0	859.0	861.0	95418.00	195022.00
2014/01/21	860.0	861.0	843.0	847.0	124490.00	208510.00
2014/01/22	850.0	858.0	845.0	852.0	76044.00	208986.00
2014/01/23	857.0	885.0	855.0	878.0	217640.00	194104.00
2014/01/24	877.0	880.0	871.0	877.0	103512.00	176300.00
2014/01/27	871.0	874.0	861.0	864.0	79904.00	184670.00
2014/01/28	863.0	867.0	857.0	857.0	63410.00	184348.00
2014/01/29	857.0	868.0	856.0	866.0	52374.00	183982.00
2014/01/30	864.0	871.0	860.0	868.0	37122.00	181866.00
2014/02/07	865.0	868.0	853.0	856.0	85620.00	168784.00
2014/02/10	856.0	859.0	846.0	854.0	97430.00	174428.00
2014/02/11	852.0	857.0	845.0	848.0	71852.00	179890.00
2014/02/12	849.0	855.0	844.0	853.0	71244.00	178688.00
2014/02/13	853.0	858.0	850.0	854.0	63372.00	175878.00
2014/02/14	854.0	865.0	854.0	861.0	79268.00	177852.00
2014/02/17	862.0	874.0	862.0	873.0	139234.00	160886.00
2014/02/18	876.0	878.0	860.0	860.0	88882.00	156626.00
2014/02/19	863.0	867.0	860.0	864.0	53826.00	158376.00
2014/02/20	862.0	864.0	852.0	852.0	62660.00	157148.00
2014/02/21	852.0	854.0	846.0	851.0	59210.00	156434.00
2014/02/24	846.0	846.0	817.0	821.0	174568.00	169866.00
2014/02/25	823.0	827.0	812.0	817.0	106396.00	174898.00
2014/02/26	816.0	821.0	811.0	820.0	128024.00	178426.00
2014/02/27	817.0	826.0	816.0	824.0	87644.00	172268.00
2014/02/28	825.0	828.0	811.0	817.0	117188.00	165448.00
2014/03/03	816.0	819.0	804.0	811.0	100042.00	167268.00
2014/03/04	810.0	813.0	804.0	812.0	91834.00	157296.00
2014/03/05	813.0	821.0	806.0	816.0	107888.00	155352.00
2014/03/06	817.0	818.0	805.0	806.0	93724.00	140572.00
2014/03/07	805.0	806.0	780.0	780.0	125272.00	151856.00
2014/03/10	760.0	765.0	757.0	757.0	72980.00	148918.00
2014/03/11	737.0	764.0	719.0	753.0	223566.00	139092.00
2014/03/12	735.0	754.0	726.0	753.0	185040.00	142814.00
2014/03/13	755.0	767.0	745.0	764.0	94092.00	125638.00
2014/03/14	764.0	769.0	739.0	760.0	108374.00	105298.00
2014/03/17	765.0	768.0	751.0	752.0	65248.00	109740.00
2014/03/18	751.0	761.0	745.0	754.0	49958.00	102754.00
2014/03/19	756.0	759.0	750.0	755.0	24754.00	103860.00
2014/03/20	758.0	780.0	754.0	759.0	78058.00	85106.00
2014/03/21	760.0	767.0	755.0	758.0	30098.00	79504.00
2014/03/24	757.0	770.0	745.0	770.0	42660.00	74682.00
2014/03/25	768.0	788.0	765.0	788.0	57582.00	52350.00
2014/03/26	782.0	793.0	780.0	791.0	27222.00	45524.00
2014/03/27	781.0	795.0	781.0	785.0	25026.00	39534.00
2014/03/28	787.0	805.0	786.0	804.0	25384.00	33836.00
2014/03/31	800.0	822.0	800.0	816.0	17404.00	31874.00
2014/04/01	811.0	832.0	811.0	828.0	21362.00	31140.00
2014/04/02	829.0	829.0	811.0	817.0	11286.00	30214.00
2014/04/03	815.0	836.0	811.0	835.0	15904.00	28976.00
2014/04/04	830.0	842.0	829.0	841.0	13976.00	24694.00
2014/04/08	831.0	862.0	831.0	861.0	15800.00	20146.00
2014/04/09	859.0	865.0	848.0	851.0	5998.00	18864.00
2014/04/10	852.0	860.0	849.0	856.0	5578.00	17708.00
2014/04/11	850.0	857.0	850.0	853.0	4660.00	16784.00
2014/04/14	854.0	856.0	835.0	846.0	6352.00	15832.00
2014/04/15	847.0	854.0	837.0	853.0	3062.00	14354.00
2014/04/16	850.0	854.0	842.0	854.0	4798.00	13528.00
2014/04/17	854.0	855.0	843.0	847.0	4148.00	11124.00
2014/04/18	844.0	848.0	823.0	827.0	8370.00	10076.00
2014/04/21	823.0	836.0	822.0	834.0	1324.00	9404.00
2014/04/22	830.0	836.0	825.0	834.0	1606.00	8884.00
2014/04/23	828.0	836.0	827.0	836.0	1994.00	7958.00
2014/04/24	836.0	854.0	836.0	853.0	1914.00	6828.00
2014/04/25	851.0	853.0	844.0	845.0	2420.00	6050.00
2014/04/28	834.0	836.0	821.0	828.0	3510.00	6382.00
2014/04/29	827.0	835.0	826.0	831.0	1298.00	5994.00
2014/04/30	828.0	840.0	820.0	830.0	3306.00	5120.00
2014/05/05	826.0	845.0	800.0	845.0	418.00	4730.00
2014/05/06	801.0	801.0	800.0	800.0	114.00	4836.00
2014/05/07	800.0	800.0	800.0	800.0	190.00	5026.00
2014/05/08	807.0	808.0	790.0	790.0	36.00	5010.00
2014/05/09	830.0	850.0	780.0	830.0	2120.00	3828.00
2014/05/12	839.0	844.0	785.0	844.0	400.00	3720.00
2014/05/13	844.0	851.0	788.0	830.0	222.00	3548.00
2014/05/14	810.0	849.0	810.0	849.0	420.00	3538.00
2014/05/15	777.0	849.0	777.0	849.0	342.00	3400.00
2014/05/19	701.0	701.0	687.0	689.0	1456.00	1018.00
2014/05/20	688.0	688.0	675.0	680.0	1482.00	1594.00
2014/05/21	682.0	693.0	678.0	690.0	1068.00	1990.00
2014/05/22	690.0	707.0	690.0	698.0	970.00	2082.00
2014/05/23	700.0	700.0	689.0	691.0	788.00	2654.00
2014/05/26	690.0	706.0	688.0	705.0	1294.00	3186.00
2014/05/27	703.0	706.0	699.0	706.0	468.00	3118.00
2014/05/28	701.0	702.0	689.0	692.0	2444.00	5172.00
2014/05/29	690.0	695.0	687.0	694.0	6768.00	10782.00
2014/05/30	689.0	692.0	670.0	674.0	6556.00	15742.00
2014/06/03	679.0	684.0	673.0	683.0	8272.00	22316.00
2014/06/04	684.0	693.0	682.0	691.0	5876.00	26438.00
2014/06/05	691.0	693.0	682.0	688.0	3956.00	29436.00
2014/06/06	688.0	693.0	685.0	689.0	4768.00	31784.00
2014/06/09	689.0	692.0	685.0	689.0	1328.00	32148.00
2014/06/10	691.0	691.0	681.0	685.0	1544.00	32582.00
2014/06/11	683.0	685.0	680.0	681.0	618.00	32896.00
2014/06/12	680.0	680.0	669.0	676.0	9754.00	41488.00
2014/06/13	670.0	677.0	668.0	673.0	1698.00	42262.00
2014/06/16	669.0	671.0	666.0	666.0	1386.00	42224.00
2014/06/17	660.0	680.0	660.0	674.0	3732.00	42304.00
2014/06/18	675.0	679.0	671.0	671.0	1886.00	42290.00
2014/06/19	671.0	675.0	669.0	670.0	2550.00	42364.00
2014/06/20	673.0	684.0	669.0	676.0	4862.00	42008.00
2014/06/23	681.0	691.0	679.0	686.0	7272.00	42346.00
2014/06/24	685.0	686.0	680.0	683.0	1498.00	42758.00
2014/06/25	682.0	689.0	682.0	686.0	2792.00	41830.00
2014/06/26	688.0	705.0	688.0	703.0	13064.00	35640.00
2014/06/27	703.0	707.0	698.0	700.0	4586.00	34566.00
2014/06/30	696.0	701.0	693.0	696.0	10712.00	41924.00
2014/07/01	698.0	700.0	693.0	697.0	5954.00	43402.00
2014/07/02	700.0	711.0	695.0	711.0	5078.00	44140.00
2014/07/03	714.0	718.0	707.0	708.0	3070.00	44204.00
2014/07/04	708.0	710.0	702.0	706.0	3558.00	43810.00
2014/07/07	706.0	708.0	693.0	699.0	3984.00	44116.00
2014/07/08	701.0	710.0	694.0	708.0	4684.00	44612.00
2014/07/09	708.0	710.0	690.0	691.0	4768.00	44512.00
2014/07/10	687.0	705.0	687.0	698.0	3334.00	44246.00
2014/07/11	701.0	703.0	697.0	702.0	1484.00	44152.00
2014/07/14	706.0	709.0	702.0	704.0	2198.00	43998.00
2014/07/15	707.0	715.0	707.0	707.0	9088.00	43080.00
2014/07/16	709.0	711.0	705.0	708.0	1796.00	43258.00
2014/07/17	706.0	707.0	698.0	698.0	7048.00	43570.00
2014/07/18	700.0	700.0	672.0	672.0	7150.00	44270.00
2014/07/21	666.0	677.0	666.0	671.0	8968.00	44072.00
2014/07/22	673.0	676.0	668.0	668.0	7742.00	45326.00
2014/07/23	668.0	670.0	664.0	667.0	4736.00	47620.00
2014/07/24	667.0	667.0	661.0	661.0	5138.00	48922.00
2014/07/25	662.0	672.0	661.0	667.0	9210.00	49226.00
2014/07/28	668.0	682.0	666.0	680.0	18914.00	51460.00
2014/07/29	683.0	684.0	679.0	679.0	19984.00	55374.00
2014/07/30	675.0	677.0	672.0	673.0	4140.00	55308.00
2014/07/31	674.0	678.0	672.0	674.0	7764.00	57052.00
2014/08/01	672.0	675.0	665.0	669.0	10216.00	56714.00
2014/08/04	668.0	680.0	665.0	679.0	4882.00	57382.00
2014/08/05	680.0	684.0	672.0	675.0	19182.00	62760.00
2014/08/06	672.0	678.0	671.0	673.0	6942.00	62326.00
2014/08/07	675.0	679.0	670.0	671.0	8024.00	64766.00
2014/08/08	672.0	672.0	663.0	667.0	6370.00	65894.00
2014/08/11	668.0	671.0	661.0	661.0	11422.00	69268.00
2014/08/12	660.0	662.0	656.0	659.0	24184.00	70310.00
2014/08/13	658.0	662.0	652.0	654.0	27440.00	82018.00
2014/08/14	653.0	655.0	645.0	648.0	28804.00	83536.00
2014/08/15	649.0	657.0	648.0	657.0	24358.00	81132.00
2014/08/18	656.0	658.0	642.0	643.0	29272.00	86658.00
2014/08/19	646.0	648.0	641.0	647.0	25922.00	86820.00
2014/08/20	647.0	648.0	637.0	637.0	20394.00	87542.00
2014/08/21	639.0	640.0	635.0	637.0	20562.00	87048.00
2014/08/22	637.0	643.0	635.0	638.0	27660.00	92864.00
2014/08/25	637.0	638.0	630.0	636.0	25454.00	89622.00
2014/08/26	639.0	644.0	633.0	642.0	33898.00	99468.00
2014/08/27	643.0	643.0	630.0	634.0	40714.00	112598.00
2014/08/28	633.0	636.0	619.0	626.0	62894.00	124558.00
2014/08/29	626.0	627.0	620.0	624.0	49362.00	137682.00
2014/09/01	624.0	624.0	615.0	616.0	40224.00	149642.00
2014/09/02	616.0	627.0	615.0	625.0	50444.00	159988.00
2014/09/03	624.0	624.0	602.0	604.0	59050.00	174558.00
2014/09/04	604.0	608.0	593.0	594.0	80166.00	194148.00
2014/09/05	593.0	595.0	581.0	584.0	112316.00	232608.00
2014/09/09	587.0	594.0	580.0	580.0	90952.00	253736.00
2014/09/10	579.0	591.0	562.0	585.0	267146.00	284990.00
2014/09/11	584.0	584.0	572.0	581.0	161274.00	340174.00
2014/09/12	582.0	585.0	579.0	584.0	113222.00	363510.00
2014/09/15	587.0	597.0	582.0	594.0	145598.00	377778.00
2014/09/16	594.0	597.0	585.0	594.0	192130.00	412794.00
2014/09/17	596.0	599.0	587.0	592.0	119122.00	399482.00
2014/09/18	590.0	591.0	584.0	585.0	75042.00	406468.00
2014/09/19	582.0	582.0	568.0	571.0	146676.00	416934.00
2014/09/22	571.0	571.0	550.0	550.0	192942.00	437318.00
2014/09/23	544.0	555.0	544.0	551.0	176938.00	468850.00
2014/09/24	550.0	558.0	549.0	552.0	81734.00	480512.00
2014/09/25	552.0	554.0	539.0	541.0	134678.00	496690.00
2014/09/26	540.0	550.0	538.0	543.0	210958.00	542466.00
2014/09/29	545.0	547.0	523.0	523.0	188782.00	585102.00
2014/09/30	524.0	531.0	523.0	525.0	100030.00	598084.00
2014/10/08	534.0	541.0	514.0	518.0	141970.00	636390.00
2014/10/09	518.0	529.0	515.0	528.0	311506.00	692078.00
2014/10/10	525.0	540.0	523.0	539.0	371884.00	665076.00
2014/10/13	545.0	553.0	543.0	553.0	312918.00	680432.00
2014/10/14	555.0	558.0	550.0	555.0	214018.00	664108.00
2014/10/15	556.0	557.0	544.0	547.0	265906.00	718864.00
2014/10/16	536.0	540.0	527.0	528.0	347642.00	798602.00
2014/10/17	531.0	538.0	530.0	537.0	264574.00	804404.00
2014/10/20	535.0	548.0	535.0	546.0	327286.00	802342.00
2014/10/21	547.0	554.0	543.0	546.0	339844.00	780510.00
2014/10/22	548.0	549.0	532.0	535.0	507146.00	862228.00
2014/10/23	533.0	533.0	518.0	529.0	1055322.00	914490.00
2014/10/24	527.0	533.0	523.0	530.0	749816.00	915670.00
2014/10/27	530.0	532.0	524.0	526.0	700218.00	954060.00
2014/10/28	526.0	526.0	519.0	522.0	510656.00	994476.00
2014/10/29	523.0	529.0	521.0	528.0	586038.00	973494.00
2014/10/30	529.0	543.0	527.0	536.0	1161086.00	975132.00
2014/10/31	534.0	537.0	530.0	532.0	712266.00	972186.00
2014/11/03	529.0	532.0	521.0	522.0	822846.00	954908.00
2014/11/04	517.0	525.0	514.0	520.0	973856.00	942434.00
2014/11/05	519.0	525.0	509.0	510.0	1003070.00	1034548.00
2014/11/06	511.0	513.0	503.0	506.0	829066.00	1102148.00
2014/11/07	507.0	514.0	506.0	512.0	1004596.00	1071580.00
2014/11/10	512.0	518.0	511.0	514.0	880060.00	1088188.00
2014/11/11	512.0	513.0	507.0	510.0	659672.00	1098004.00
2014/11/12	513.0	515.0	507.0	508.0	647422.00	1146632.00
2014/11/13	507.0	509.0	504.0	507.0	661740.00	1159994.00
2014/11/14	505.0	509.0	503.0	507.0	454258.00	1114614.00
2014/11/17	509.0	511.0	505.0	507.0	584728.00	1114718.00
2014/11/18	504.0	505.0	487.0	487.0	1149802.00	1179900.00
2014/11/19	485.0	485.0	469.0	473.0	1175832.00	1171790.00
2014/11/20	475.0	479.0	473.0	476.0	518726.00	1099620.00
2014/11/21	473.0	477.0	466.0	476.0	1117824.00	1136116.00
2014/11/24	480.0	482.0	470.0	470.0	906694.00	1180938.00
2014/11/25	468.0	468.0	459.0	466.0	1152218.00	1157834.00
2014/11/26	463.0	469.0	458.0	467.0	1436432.00	1082322.00
2014/11/27	469.0	481.0	468.0	481.0	1313542.00	1072220.00
2014/11/28	480.0	491.0	479.0	485.0	1441474.00	986260.00
2014/12/01	478.0	483.0	470.0	480.0	1308000.00	981776.00
2014/12/02	489.0	491.0	472.0	475.0	1215058.00	1026778.00
2014/12/03	474.0	484.0	471.0	482.0	1093966.00	985032.00
2014/12/04	481.0	496.0	481.0	494.0	1787896.00	1014090.00
2014/12/05	494.0	494.0	485.0	491.0	1193614.00	999038.00
2014/12/08	490.0	497.0	479.0	481.0	1379928.00	1042528.00
2014/12/09	480.0	489.0	471.0	488.0	1652654.00	980668.00
2014/12/10	485.0	488.0	475.0	483.0	1159188.00	977626.00
2014/12/11	480.0	491.0	479.0	480.0	1145752.00	951532.00
2014/12/12	480.0	490.0	479.0	490.0	857742.00	950426.00
2014/12/15	489.0	492.0	483.0	485.0	762334.00	919458.00
2014/12/16	480.0	481.0	474.0	479.0	776076.00	910660.00
2014/12/17	478.0	488.0	476.0	485.0	975036.00	845290.00
2014/12/18	488.0	490.0	485.0	487.0	707642.00	785058.00
2014/12/19	490.0	494.0	488.0	492.0	521434.00	760534.00
2014/12/22	490.0	491.0	483.0	485.0	591982.00	734704.00
2014/12/23	482.0	482.0	471.0	473.0	733414.00	744942.00
2014/12/24	473.0	478.0	470.0	477.0	617724.00	714100.00
2014/12/25	477.0	480.0	473.0	476.0	357642.00	703290.00
2014/12/26	476.0	479.0	473.0	474.0	281316.00	696890.00
2014/12/29	475.0	486.0	473.0	485.0	598270.00	699852.00
2014/12/30	485.0	499.0	485.0	499.0	542088.00	746348.00
2014/12/31	511.0	516.0	503.0	509.0	1003734.00	695452.00
2015/01/05	505.0	506.0	497.0	500.0	566526.00	656330.00
2015/01/06	498.0	520.0	496.0	520.0	1075512.00	703550.00
2015/01/07	520.0	521.0	506.0	513.0	871980.00	689604.00
2015/01/08	514.0	517.0	507.0	512.0	595934.00	687766.00
2015/01/09	514.0	514.0	507.0	510.0	855016.00	656326.00
2015/01/12	508.0	519.0	498.0	499.0	1068026.00	608478.00
2015/01/13	498.0	504.0	495.0	501.0	525934.00	586712.00
2015/01/14	498.0	504.0	491.0	497.0	822772.00	565944.00
2015/01/15	498.0	509.0	495.0	507.0	674868.00	582836.00
2015/01/16	507.0	513.0	503.0	506.0	604532.00	565718.00
2015/01/19	505.0	511.0	497.0	508.0	780178.00	522774.00
2015/01/20	507.0	509.0	501.0	502.0	372384.00	514908.00
2015/01/21	502.0	504.0	485.0	486.0	785208.00	495572.00
2015/01/22	486.0	493.0	484.0	487.0	677688.00	469984.00
2015/01/23	486.0	489.0	474.0	476.0	791652.00	486778.00
2015/01/26	475.0	477.0	466.0	470.0	884068.00	456136.00
2015/01/27	469.0	474.0	467.0	470.0	356604.00	452852.00
2015/01/28	472.0	474.0	466.0	471.0	317326.00	464638.00
2015/01/29	471.0	478.0	471.0	476.0	430640.00	428572.00
2015/01/30	476.0	478.0	472.0	474.0	242134.00	428730.00
2015/02/02	475.0	477.0	471.0	472.0	270906.00	440416.00
2015/02/03	472.0	482.0	472.0	478.0	523782.00	474090.00
2015/02/04	479.0	486.0	469.0	470.0	829790.00	535774.00
2015/02/05	473.0	478.0	470.0	474.0	595550.00	503824.00
2015/02/06	474.0	480.0	473.0	478.0	361346.00	468164.00
2015/02/09	478.0	480.0	473.0	476.0	295178.00	470298.00
2015/02/10	477.0	480.0	476.0	480.0	94150.00	459940.00
2015/02/11	482.0	483.0	477.0	481.0	177298.00	448398.00
2015/02/12	480.0	481.0	476.0	479.0	149622.00	425228.00
2015/02/13	480.0	493.0	479.0	489.0	445164.00	419958.00
2015/02/16	488.0	499.0	487.0	497.0	303788.00	383596.00
2015/02/17	497.0	498.0	488.0	493.0	169394.00	371322.00
2015/02/25	490.0	490.0	478.0	479.0	528092.00	352842.00
2015/02/26	480.0	490.0	479.0	489.0	360636.00	340010.00
2015/02/27	490.0	492.0	483.0	485.0	469618.00	373430.00
2015/03/02	485.0	486.0	477.0	483.0	609414.00	368712.00
2015/03/03	483.0	486.0	480.0	485.0	238506.00	360918.00
2015/03/04	484.0	485.0	476.0	477.0	288990.00	353058.00
2015/03/05	476.0	476.0	460.0	460.0	613924.00	385536.00
2015/03/06	460.0	464.0	452.0	456.0	389302.00	336726.00
2015/03/09	456.0	469.0	455.0	462.0	451658.00	286338.00
2015/03/10	462.0	464.0	458.0	459.0	145520.00	273854.00
2015/03/11	457.0	462.0	456.0	462.0	176230.00	232422.00
2015/03/12	461.0	466.0	458.0	464.0	149712.00	215506.00
2015/03/13	464.0	469.0	459.0	460.0	102020.00	210064.00
2015/03/16	460.0	465.0	458.0	464.0	64630.00	194436.00
2015/03/17	464.0	465.0	458.0	459.0	41662.00	190316.00
2015/03/18	457.0	458.0	443.0	444.0	195482.00	172402.00
2015/03/19	444.0	448.0	441.0	445.0	110186.00	152160.00
2015/03/20	445.0	449.0	437.0	438.0	85168.00	146516.00
2015/03/23	438.0	443.0	434.0	442.0	143798.00	119636.00
2015/03/24	444.0	450.0	441.0	445.0	84446.00	117028.00
2015/03/25	446.0	447.0	435.0	436.0	48654.00	114112.00
2015/03/26	434.0	438.0	424.0	424.0	108494.00	123474.00
2015/03/27	422.0	422.0	405.0	415.0	209276.00	91132.00
2015/03/30	417.0	421.0	406.0	407.0	97298.00	85582.00
2015/03/31	407.0	412.0	399.0	404.0	91682.00	82668.00
2015/04/01	403.0	406.0	395.0	399.0	116712.00	68354.00
2015/04/02	393.0	394.0	384.0	384.0	93000.00	57152.00
2015/04/03	380.0	388.0	373.0	380.0	84896.00	48232.00
2015/04/07	382.0	390.0	380.0	388.0	32126.00	47620.00
2015/04/08	387.0	392.0	381.0	389.0	32632.00	45840.00
2015/04/09	388.0	389.0	375.0	376.0	30968.00	45434.00
2015/04/10	378.0	378.0	366.0	366.0	48722.00	49650.00
2015/04/13	360.0	386.0	360.0	385.0	74676.00	41526.00
2015/04/14	385.0	387.0	379.0	387.0	50980.00	41722.00
2015/04/15	389.0	398.0	389.0	393.0	50380.00	36552.00
2015/04/16	389.0	404.0	389.0	401.0	27632.00	35606.00
2015/04/17	400.0	407.0	399.0	403.0	15512.00	34036.00
2015/04/20	401.0	406.0	400.5	400.5	11106.00	32912.00
2015/04/21	398.0	408.5	395.0	408.0	16278.00	32870.00
2015/04/22	407.0	417.5	407.0	417.5	14616.00	31218.00
2015/04/23	420.5	425.5	417.0	422.0	13722.00	30312.00
2015/04/24	424.0	437.5	424.0	437.0	17346.00	28112.00
2015/04/27	439.5	448.5	435.5	448.5	13564.00	24350.00
2015/04/28	448.0	455.5	448.0	454.0	25042.00	18934.00
2015/04/29	458.0	469.5	444.0	448.5	24566.00	17216.00
2015/04/30	452.0	464.0	449.5	460.5	10902.00	13456.00
2015/05/04	460.0	461.0	455.5	461.0	1320.00	12156.00
2015/05/05	456.0	468.0	456.0	468.0	742.00	11814.00
2015/05/06	485.0	486.0	480.0	480.0	952.00	10908.00
2015/05/08	488.0	494.5	487.5	488.0	734.00	10210.00
2015/05/11	495.0	498.0	472.0	472.0	6.00	10214.00
2015/05/12	490.0	499.0	490.0	499.0	152.00	10062.00
2015/05/13	499.0	499.0	499.0	499.0	200.00	9862.00
2015/05/14	472.0	472.0	472.0	472.0	4000.00	5862.00
2015/05/15	480.0	480.0	480.0	480.0	862.00	0.00
2015/05/18	419.5	425.0	419.5	420.0	4528.00	3534.00
2015/05/19	415.0	420.0	414.0	415.0	3350.00	5472.00
2015/05/20	412.0	414.0	403.5	407.0	6190.00	7302.00
2015/05/21	408.0	417.5	406.0	415.0	6036.00	8426.00
2015/05/22	414.0	416.0	408.5	414.5	3364.00	8968.00
2015/05/25	414.0	419.5	410.0	419.0	2474.00	9054.00
2015/05/26	419.5	430.0	419.0	423.5	5114.00	9606.00
2015/05/27	423.0	429.0	421.5	423.5	3828.00	10186.00
2015/05/28	422.0	427.5	419.0	421.0	5512.00	11776.00
2015/05/29	420.5	425.0	414.5	424.5	4884.00	12898.00
2015/06/01	423.5	434.5	423.5	431.0	7248.00	14010.00
2015/06/02	431.5	433.5	427.0	430.5	5902.00	14060.00
2015/06/03	431.5	433.5	425.5	426.0	4012.00	14926.00
2015/06/04	426.0	430.0	424.0	429.5	4216.00	14990.00
2015/06/05	432.0	432.0	422.0	423.0	4682.00	16802.00
2015/06/08	421.5	423.5	416.5	420.5	4294.00	18412.00
2015/06/09	420.5	424.5	418.5	419.5	3056.00	18440.00
2015/06/10	420.0	428.5	419.0	428.5	6942.00	19346.00
2015/06/11	429.0	434.0	422.5	430.5	18436.00	21054.00
2015/06/12	429.5	430.0	418.5	419.0	13766.00	23090.00
2015/06/15	419.0	424.5	418.5	420.0	8422.00	24226.00
2015/06/16	419.0	419.0	409.0	411.5	19906.00	35466.00
2015/06/17	410.5	411.5	399.5	400.5	17686.00	37000.00
2015/06/18	401.0	414.5	401.0	410.5	19144.00	37344.00
2015/06/19	412.0	413.5	407.0	410.5	7430.00	36308.00
2015/06/23	411.0	411.5	402.5	410.5	9448.00	36798.00
2015/06/24	410.5	420.5	410.5	420.0	17016.00	38260.00
2015/06/25	420.0	420.0	413.0	414.0	17716.00	42960.00
2015/06/26	413.0	414.0	406.5	411.5	18568.00	48310.00
2015/06/29	412.0	413.5	405.5	405.5	18026.00	50318.00
2015/06/30	405.5	406.0	392.0	392.0	25820.00	53322.00
2015/07/01	389.5	392.0	385.0	385.0	27290.00	61486.00
2015/07/02	384.0	392.0	380.5	390.5	33158.00	65998.00
2015/07/03	386.0	392.5	380.0	384.0	42930.00	69632.00
2015/07/06	386.0	386.0	371.0	371.0	38676.00	75938.00
2015/07/07	368.5	369.0	352.5	352.5	59208.00	76004.00
2015/07/08	341.5	343.0	327.0	327.0	105038.00	70120.00
2015/07/09	326.5	357.0	322.5	353.5	94326.00	74134.00
2015/07/10	352.0	358.5	350.0	351.0	71678.00	83966.00
2015/07/13	350.0	357.5	342.5	347.0	52254.00	94408.00
2015/07/14	350.0	357.5	346.5	351.0	44188.00	86152.00
2015/07/15	351.5	356.0	346.5	351.5	23844.00	89456.00
2015/07/16	350.5	352.0	342.5	348.0	29898.00	92590.00
2015/07/17	346.5	351.0	344.0	348.5	19092.00	93682.00
2015/07/20	346.0	361.0	346.0	360.5	31188.00	90088.00
2015/07/21	356.0	363.0	354.5	356.0	36578.00	91512.00
2015/07/22	357.0	357.5	344.5	346.0	40832.00	101580.00
2015/07/23	345.0	351.0	342.5	346.5	40930.00	106524.00
2015/07/24	345.0	348.5	341.5	342.0	36142.00	114374.00
2015/07/27	343.5	351.0	341.5	343.0	59838.00	124180.00
2015/07/28	341.0	356.5	338.0	348.0	76022.00	116176.00
2015/07/29	348.0	360.0	348.0	360.0	122918.00	124792.00
2015/07/30	359.0	361.5	351.0	353.0	60028.00	120190.00
2015/07/31	352.0	359.0	350.0	354.5	42974.00	118558.00
2015/08/03	354.0	361.5	349.5	350.0	69922.00	121060.00
2015/08/04	350.0	355.0	348.5	353.0	35348.00	121406.00
2015/08/05	353.0	364.5	353.0	364.0	82210.00	130408.00
2015/08/06	365.0	365.0	357.5	357.5	62556.00	131282.00
2015/08/07	358.0	358.0	348.0	351.5	73012.00	145054.00
2015/08/10	351.5	353.0	348.0	351.5	52442.00	153664.00
2015/08/11	351.0	363.5	351.0	357.0	109688.00	169184.00
2015/08/12	352.5	362.5	352.5	362.5	73014.00	178834.00
2015/08/13	365.0	372.5	363.0	372.0	184666.00	194244.00
2015/08/14	372.0	373.0	368.5	370.0	83744.00	202198.00
2015/08/17	370.0	374.5	363.5	363.5	101446.00	213974.00
2015/08/18	359.5	368.0	359.5	364.0	101834.00	199062.00
2015/08/19	363.0	364.0	351.0	359.0	199484.00	222544.00
2015/08/20	359.0	361.5	354.5	357.5	102494.00	211962.00
2015/08/21	359.0	362.0	357.0	360.5	126656.00	217040.00
2015/08/24	360.5	361.0	345.0	345.0	134884.00	208742.00
2015/08/25	342.5	348.0	338.0	342.0	107780.00	207630.00
2015/08/26	347.0	355.5	343.0	343.5	96648.00	206764.00
2015/08/27	343.0	352.5	341.5	351.5	134756.00	211016.00
2015/08/28	352.5	361.0	351.5	361.0	137326.00	222530.00
2015/08/31	362.0	372.0	356.5	366.5	291896.00	224520.00
2015/09/01	366.0	374.5	360.5	367.5	301744.00	247488.00
2015/09/02	367.0	372.0	365.0	370.5	107070.00	241780.00
2015/09/07	371.0	372.0	362.5	364.5	156654.00	253382.00
2015/09/08	364.0	367.0	355.5	366.5	207418.00	267126.00
2015/09/09	368.0	378.5	366.0	377.0	370286.00	278760.00
2015/09/10	377.0	385.5	370.5	382.0	386736.00	261628.00
2015/09/11	381.0	390.0	376.5	378.5	348360.00	280288.00
2015/09/14	378.0	383.0	374.0	374.5	236398.00	303852.00
2015/09/15	374.0	376.5	367.5	368.5	185670.00	297940.00
2015/09/16	369.0	376.0	367.0	374.5	288016.00	314440.00
2015/09/17	375.0	375.5	370.0	370.5	219704.00	319944.00
2015/09/18	371.0	373.0	365.5	366.0	155694.00	326672.00
2015/09/21	365.5	369.5	364.0	367.5	156728.00	333834.00
2015/09/22	368.0	369.0	358.5	360.5	218422.00	358188.00
2015/09/23	359.0	361.0	345.0	351.5	359792.00	370966.00
2015/09/24	352.0	354.0	346.0	349.0	164528.00	381954.00
2015/09/25	349.0	354.0	346.0	351.5	238032.00	385706.00
2015/09/28	350.5	351.0	337.0	338.0	188044.00	417806.00
2015/09/29	337.0	342.0	329.0	336.0	240782.00	410470.00
2015/09/30	337.0	338.5	333.5	334.0	113780.00	414122.00
2015/10/08	340.5	346.0	336.5	339.5	186012.00	421024.00
2015/10/09	339.5	358.5	338.5	354.0	417494.00	436878.00
2015/10/12	353.5	354.5	343.5	345.5	452986.00	501390.00
2015/10/13	344.5	346.5	340.5	344.5	257866.00	492888.00
2015/10/14	344.0	348.5	343.0	344.5	221908.00	467398.00
2015/10/15	345.0	348.0	344.5	345.5	178296.00	454764.00
2015/10/16	345.0	346.5	341.0	341.5	252508.00	459774.00
2015/10/19	342.0	345.5	339.5	340.5	216654.00	476746.00
2015/10/20	340.5	344.0	338.5	339.0	202554.00	495626.00
2015/10/21	339.0	341.0	335.0	335.0	184384.00	501472.00
2015/10/22	335.0	340.0	334.0	337.0	169786.00	508344.00
2015/10/23	337.0	339.5	335.0	339.0	143290.00	512182.00
2015/10/26	340.0	340.5	333.0	333.0	221736.00	514308.00
2015/10/27	334.0	334.0	326.5	331.5	478870.00	573690.00
2015/10/28	331.0	333.0	327.5	328.0	286582.00	562086.00
2015/10/29	328.0	331.0	327.0	329.0	263080.00	594398.00
2015/10/30	330.0	333.0	328.0	331.5	234998.00	579978.00
2015/11/02	331.5	333.5	330.0	330.5	167614.00	589534.00
2015/11/03	330.5	330.5	323.0	325.0	437492.00	619224.00
2015/11/04	324.5	333.0	324.0	331.5	365458.00	632686.00
2015/11/05	331.0	337.0	330.0	330.0	520778.00	623596.00
2015/11/06	328.5	335.5	327.5	333.0	554778.00	607312.00
2015/11/09	332.0	334.5	330.0	332.5	486262.00	606230.00
2015/11/10	333.0	333.5	327.0	329.5	343428.00	623830.00
2015/11/11	329.5	330.5	326.0	326.5	274486.00	623638.00
2015/11/12	326.5	329.0	322.0	323.5	563944.00	696070.00
2015/11/13	323.0	327.0	322.5	324.5	525998.00	721284.00
2015/11/16	324.0	327.0	318.5	319.5	595606.00	758982.00
2015/11/17	319.5	323.0	318.0	319.0	621342.00	755714.00
2015/11/18	318.0	319.0	315.5	317.0	552310.00	781024.00
2015/11/19	317.0	317.5	303.0	306.5	1000104.00	843626.00
2015/11/20	306.0	309.5	304.0	305.5	1021334.00	892618.00
2015/11/23	305.5	307.5	299.5	300.0	1254446.00	1030380.00
2015/11/24	300.5	304.0	296.5	301.0	2282848.00	1118260.00
2015/11/25	300.0	308.0	299.0	306.0	1914788.00	1128444.00
2015/11/26	305.0	319.0	303.0	307.0	3152688.00	1100264.00
2015/11/27	307.0	308.0	301.5	302.5	1463406.00	1116010.00
2015/11/30	302.5	303.5	292.5	293.5	1985512.00	1194970.00
2015/12/01	293.0	295.0	290.5	292.5	1644196.00	1209948.00
2015/12/02	290.5	296.5	288.5	293.5	3243340.00	1279512.00
2015/12/03	292.5	297.0	289.0	290.0	2123990.00	1312398.00
2015/12/04	290.0	292.5	284.0	289.0	2806892.00	1313442.00
2015/12/07	290.0	295.5	287.5	293.5	2066692.00	1345876.00
2015/12/08	292.5	294.0	285.0	286.5	1673568.00	1311588.00
2015/12/09	286.0	289.0	285.0	287.0	1245446.00	1381228.00
2015/12/10	287.5	289.5	282.5	284.0	1702570.00	1419348.00
2015/12/11	284.5	287.5	282.5	287.0	1581380.00	1386810.00
2015/12/14	287.5	293.0	285.0	290.5	2379148.00	1453536.00
2015/12/15	290.0	298.0	288.5	288.5	3132480.00	1495414.00
2015/12/16	288.5	294.0	287.5	293.5	1661620.00	1508444.00
2015/12/17	294.5	296.5	292.0	293.0	2425448.00	1503214.00
2015/12/18	293.0	302.0	292.5	300.5	2535508.00	1549110.00
2015/12/21	301.5	311.0	300.5	309.5	3889804.00	1547870.00
2015/12/22	309.0	310.5	303.0	308.0	2791060.00	1612972.00
2015/12/23	307.0	308.0	301.5	302.5	2135780.00	1640652.00
2015/12/24	303.0	308.0	302.5	304.0	2219448.00	1658490.00
2015/12/25	304.0	306.0	303.5	304.5	817564.00	1608498.00
2015/12/28	304.5	310.5	303.5	309.0	2474344.00	1642400.00
2015/12/29	309.5	316.5	308.0	316.0	3167262.00	1561474.00
2015/12/30	316.0	324.5	315.5	321.0	3339010.00	1540646.00
2015/12/31	320.5	330.5	319.0	322.0	3797834.00	1456456.00
2016/01/04	325.5	327.5	319.5	321.5	3074556.00	1558020.00
2016/01/05	321.0	326.0	319.0	324.5	2595252.00	1568360.00
2016/01/06	324.5	325.5	316.0	318.5	2896700.00	1539760.00
2016/01/07	317.5	323.0	317.0	320.0	2309246.00	1558846.00
2016/01/08	319.0	319.0	310.5	311.5	2696070.00	1476292.00
2016/01/11	311.0	312.5	305.0	305.5	2158016.00	1448216.00
2016/01/12	305.5	307.0	299.5	300.5	1877010.00	1454950.00
2016/01/13	300.5	306.0	298.5	300.5	1886946.00	1507986.00
2016/01/14	301.5	305.0	298.0	305.0	2347948.00	1563116.00
2016/01/15	305.0	311.0	304.0	306.5	2901278.00	1612298.00
2016/01/18	306.5	321.5	303.5	319.0	4072852.00	1558246.00
2016/01/19	319.0	323.5	317.0	322.0	2221098.00	1605896.00
2016/01/20	321.5	322.5	313.5	314.0	2069658.00	1425680.00
2016/01/21	313.5	316.5	311.0	314.0	2390498.00	1425598.00
2016/01/22	313.0	324.0	312.5	315.5	3815600.00	1509720.00
2016/01/25	316.0	319.5	312.5	313.5	2580336.00	1483438.00
2016/01/26	312.5	319.0	310.0	318.0	2481576.00	1524332.00
2016/01/27	319.0	326.0	318.0	324.5	3334204.00	1649402.00
2016/01/28	324.0	326.5	318.0	318.5	3390130.00	1610256.00
2016/01/29	319.0	322.5	318.0	321.0	2394332.00	1643326.00
2016/02/01	321.5	330.0	321.5	324.5	3471628.00	1665216.00
2016/02/02	325.5	328.0	323.0	325.5	2746908.00	1592264.00
2016/02/03	327.0	331.0	324.5	329.0	2207182.00	1618274.00
2016/02/04	329.5	341.0	329.0	340.5	3455524.00	1566600.00
2016/02/05	340.5	341.0	332.5	335.5	1762468.00	1335296.00
2016/02/15	330.0	342.0	330.0	339.5	1472868.00	1424286.00
2016/02/16	340.5	341.5	337.0	339.0	1565680.00	1552220.00
2016/02/17	339.5	343.5	338.0	339.0	2353820.00	1591928.00
2016/02/18	340.0	344.5	337.0	344.0	2248624.00	1706434.00
2016/02/19	345.0	355.0	343.5	353.0	3320340.00	1732626.00
2016/02/22	352.5	365.5	351.5	365.5	2522512.00	1729970.00
2016/02/23	369.5	379.0	364.5	368.0	4586054.00	1502256.00
2016/02/24	368.0	374.0	366.5	372.5	4465316.00	1633890.00
2016/02/25	371.5	376.0	366.5	369.5	4233326.00	1643246.00
2016/02/26	369.5	370.5	360.0	364.0	3996254.00	1634726.00
2016/02/29	364.5	369.5	360.5	369.5	4278676.00	1629886.00
2016/03/01	370.5	382.0	367.0	377.5	5929332.00	1436494.00
2016/03/02	378.0	387.0	377.5	385.5	4949434.00	1382918.00
2016/03/03	387.0	390.5	380.5	383.5	3889162.00	1400864.00
2016/03/04	384.0	397.0	379.5	396.5	5983866.00	1444834.00
2016/03/07	397.5	407.0	395.0	407.0	2168918.00	1419456.00
2016/03/08	423.0	423.0	417.0	423.0	2052664.00	1341538.00
2016/03/09	433.0	437.0	407.5	424.0	7526732.00	1047014.00
2016/03/10	425.0	445.5	425.0	439.0	7419534.00	1174028.00
2016/03/11	434.0	440.5	423.0	427.0	5078358.00	1147334.00
2016/03/14	420.0	454.0	418.0	422.5	5460268.00	1087486.00
2016/03/15	419.5	428.0	410.5	413.0	4856536.00	1039788.00
2016/03/16	410.5	421.0	410.0	419.0	3321042.00	1061572.00
2016/03/17	420.5	436.5	416.0	435.5	4432586.00	1086568.00
2016/03/18	435.5	451.5	433.5	449.5	3934660.00	933232.00
2016/03/21	449.0	469.5	446.0	456.0	4081512.00	848014.00
2016/03/22	457.0	460.5	449.0	453.0	1949470.00	768188.00
2016/03/23	450.0	459.5	442.5	443.0	1464726.00	630458.00
2016/03/24	442.0	442.5	423.5	423.5	1365570.00	514620.00
2016/03/25	418.0	428.0	417.0	425.5	880934.00	454194.00
2016/03/28	427.0	431.5	411.0	412.0	814946.00	359960.00
2016/03/29	413.0	416.5	404.5	413.0	584568.00	330740.00
2016/03/30	414.0	423.0	410.0	416.0	791298.00	324102.00
2016/03/31	417.0	420.0	406.5	413.5	506268.00	260066.00
2016/04/01	414.5	423.5	414.0	418.0	312796.00	227960.00
2016/04/05	423.0	423.5	409.0	418.5	221322.00	204920.00
2016/04/06	418.0	420.5	409.5	414.5	145746.00	190408.00
2016/04/07	414.5	419.0	413.5	415.5	96598.00	179762.00
2016/04/08	415.0	418.0	413.0	417.5	102652.00	164684.00
2016/04/11	418.5	433.5	416.5	428.5	165694.00	154294.00
2016/04/12	431.0	451.5	430.0	451.5	185460.00	144270.00
2016/04/13	453.0	467.5	452.0	462.0	267892.00	112696.00
2016/04/14	461.0	481.5	460.5	467.5	250476.00	90898.00
2016/04/15	466.5	470.5	450.0	451.5	178752.00	60590.00
2016/04/18	445.0	478.0	445.0	469.5	121672.00	54034.00
2016/04/19	470.0	477.5	469.0	476.5	64956.00	49684.00
2016/04/20	477.5	501.0	477.5	501.0	99424.00	43394.00
2016/04/21	501.0	520.0	491.0	520.0	93062.00	37310.00
2016/04/22	534.5	536.5	503.5	519.0	86472.00	32062.00
2016/04/25	510.0	549.5	510.0	518.5	47650.00	23274.00
2016/04/26	506.5	520.5	498.0	503.5	29382.00	18866.00
2016/04/27	500.5	511.0	485.0	494.5	28192.00	15530.00
2016/04/28	494.0	525.0	492.0	524.5	21596.00	13516.00
2016/04/29	526.0	542.0	526.0	542.0	12300.00	10580.00
2016/05/03	570.0	572.0	540.0	540.0	6800.00	7894.00
2016/05/04	547.5	549.0	533.0	533.5	1338.00	7118.00
2016/05/05	520.0	522.0	506.5	515.0	466.00	7052.00
2016/05/06	515.0	520.0	515.0	520.0	10.00	7052.00
2016/05/09	549.0	549.0	490.0	490.0	240.00	6852.00
2016/05/11	505.0	505.0	490.0	490.0	2452.00	6600.00
2016/05/13	490.0	490.0	461.5	461.5	10.00	6600.00
2016/05/16	450.0	450.0	450.0	450.0	200.00	0.00
2016/05/17	330.0	341.0	320.5	339.0	17778.00	12196.00
2016/05/18	340.0	346.0	328.0	331.0	17588.00	21024.00
2016/05/19	331.5	336.0	325.0	328.0	15156.00	28742.00
2016/05/20	327.0	337.5	324.5	335.5	11402.00	30602.00
2016/05/23	334.5	337.0	312.5	315.5	32394.00	48496.00
2016/05/24	315.5	316.5	308.5	315.0	20142.00	53956.00
2016/05/25	315.5	318.0	308.5	309.5	25194.00	63982.00
2016/05/26	311.0	314.5	306.5	313.0	26830.00	72828.00
2016/05/27	313.0	318.0	306.0	315.5	41104.00	79644.00
2016/05/30	314.0	316.5	302.5	312.5	34388.00	86414.00
2016/05/31	313.5	317.0	311.0	312.5	24890.00	87474.00
2016/06/01	312.5	315.0	310.0	313.5	20214.00	89544.00
2016/06/02	313.0	316.5	310.5	312.5	19284.00	91342.00
2016/06/03	311.0	319.5	311.0	315.5	21624.00	95532.00
2016/06/06	317.0	329.0	316.0	328.0	35638.00	102028.00
2016/06/07	328.0	334.0	326.0	330.5	25936.00	103930.00
2016/06/08	328.5	332.5	324.5	327.0	29146.00	108266.00
2016/06/13	325.0	337.5	325.0	332.5	23624.00	104942.00
2016/06/14	334.0	335.5	320.0	320.5	33516.00	116390.00
2016/06/15	321.0	325.0	319.0	321.5	19058.00	116470.00
2016/06/16	322.5	330.5	321.5	325.5	27068.00	111476.00
2016/06/17	324.0	330.0	322.0	330.0	30196.00	110250.00
2016/06/20	330.0	334.0	327.0	328.0	21660.00	114266.00
2016/06/21	329.5	336.0	326.0	331.0	23390.00	114200.00
2016/06/22	331.0	341.0	330.0	340.0	32366.00	110962.00
2016/06/23	340.0	342.5	338.0	340.0	23724.00	108366.00
2016/06/24	341.0	344.5	332.5	336.0	28238.00	107932.00
2016/06/27	337.0	358.0	336.5	358.0	35650.00	103082.00
2016/06/28	356.0	365.0	350.5	362.5	37866.00	103182.00
2016/06/29	364.5	369.5	360.0	365.5	35674.00	102294.00
2016/06/30	364.5	381.5	364.0	380.0	38804.00	108220.00
2016/07/01	380.0	382.0	367.0	373.0	50172.00	114048.00
2016/07/04	373.0	389.5	373.0	388.0	50512.00	112318.00
2016/07/05	387.0	396.0	373.0	390.0	50690.00	100604.00
2016/07/06	390.0	391.5	369.5	377.0	41212.00	102182.00
2016/07/07	375.0	386.0	371.0	375.0	38998.00	106528.00
2016/07/08	377.0	380.0	366.5	377.5	31160.00	106794.00
2016/07/11	378.0	382.5	368.5	376.5	24528.00	106360.00
2016/07/12	378.0	396.5	374.5	395.5	41642.00	105252.00
2016/07/13	396.0	403.5	390.0	393.5	27684.00	103458.00
2016/07/14	394.5	399.0	387.5	399.0	25090.00	104528.00
2016/07/15	397.5	398.5	391.0	396.0	17994.00	106072.00
2016/07/18	400.0	400.0	370.5	370.5	37446.00	113256.00
2016/07/19	371.0	375.0	361.0	366.5	30890.00	114200.00
2016/07/20	367.0	370.5	364.0	367.5	18872.00	117116.00
2016/07/21	367.0	385.5	363.5	382.5	47952.00	108698.00
2016/07/22	383.0	383.0	365.0	366.0	40666.00	117584.00
2016/07/25	367.0	378.0	363.0	374.0	30066.00	113760.00
2016/07/26	375.0	376.0	368.5	376.0	23908.00	114902.00
2016/07/27	376.0	391.0	375.5	391.0	52060.00	112310.00
2016/07/28	392.0	403.0	389.5	402.0	43948.00	114898.00
2016/07/29	402.5	405.0	388.5	391.5	42326.00	117030.00
2016/08/01	392.5	411.5	385.0	409.5	47868.00	119102.00
2016/08/02	409.5	414.0	405.0	412.5	34512.00	119576.00
2016/08/03	413.5	414.0	406.0	410.0	24622.00	120846.00
2016/08/04	411.0	411.0	392.5	399.0	38034.00	126572.00
2016/08/05	398.0	417.0	398.0	413.5	50940.00	119322.00
2016/08/08	415.0	422.0	410.0	421.5	52924.00	120214.00
2016/08/09	422.5	426.5	412.0	419.0	40224.00	118460.00
2016/08/10	420.0	423.5	409.5	414.5	48790.00	121270.00
2016/08/11	417.0	417.5	400.0	406.5	49186.00	134428.00
2016/08/12	406.0	409.5	400.5	407.0	34796.00	143336.00
2016/08/15	406.0	406.0	389.5	397.5	62902.00	162780.00
2016/08/16	396.0	414.5	394.0	411.5	58772.00	171382.00
2016/08/17	412.5	419.5	401.5	402.5	67930.00	189456.00
2016/08/18	403.0	414.0	398.5	410.5	69162.00	187420.00
2016/08/19	411.0	419.0	404.5	417.5	57496.00	183410.00
2016/08/22	417.0	423.0	415.0	418.5	66202.00	190802.00
2016/08/23	418.0	431.5	415.5	430.0	80966.00	193320.00
2016/08/24	430.0	435.5	427.0	432.0	90970.00	206758.00
2016/08/25	432.0	434.5	406.5	419.0	118356.00	219082.00
2016/08/26	418.0	419.5	408.0	408.0	71078.00	221212.00
2016/08/29	407.0	408.0	393.0	398.0	103622.00	253884.00
2016/08/30	398.0	402.5	391.0	393.0	74872.00	255412.00
2016/08/31	394.0	396.5	386.5	387.5	73348.00	260874.00
2016/09/01	387.5	392.5	382.5	390.0	90498.00	260770.00
2016/09/02	390.0	403.5	389.0	393.0	103824.00	270256.00
2016/09/05	394.0	402.0	391.0	393.0	95838.00	271814.00
2016/09/06	394.0	403.0	392.0	397.5	67830.00	271096.00
2016/09/07	398.5	399.0	381.5	382.5	98212.00	293318.00
2016/09/08	383.0	386.5	378.0	382.0	93296.00	309314.00
2016/09/09	382.0	384.0	377.0	382.5	57864.00	313148.00
2016/09/12	383.0	387.5	372.0	373.0	105020.00	329626.00
2016/09/13	373.0	376.0	365.0	369.0	96348.00	353632.00
2016/09/14	370.0	371.5	366.5	369.5	50100.00	354356.00
2016/09/19	367.5	371.5	358.5	371.0	85526.00	386228.00
2016/09/20	372.0	379.0	370.0	375.0	107176.00	396478.00
2016/09/21	375.0	377.5	372.5	375.0	85386.00	402860.00
2016/09/22	375.0	395.5	375.0	384.5	158670.00	412672.00
2016/09/23	386.0	391.0	385.0	390.5	83604.00	403752.00
2016/09/26	391.5	396.0	385.5	387.5	134758.00	413788.00
2016/09/27	386.0	390.0	378.0	382.0	88316.00	410642.00
2016/09/28	381.5	388.5	379.0	388.0	76702.00	409148.00
2016/09/29	387.5	397.5	385.0	386.0	138902.00	387016.00
2016/09/30	386.0	388.5	377.5	379.0	92192.00	389546.00
2016/10/10	379.0	386.5	373.0	386.0	98832.00	407446.00
2016/10/11	386.0	393.5	385.0	393.5	118148.00	420748.00
2016/10/12	394.0	398.5	390.0	397.0	148198.00	444192.00
2016/10/13	397.0	398.0	391.5	396.0	112250.00	438580.00
2016/10/14	394.5	409.0	393.0	403.5	169772.00	430566.00
2016/10/17	404.0	414.0	401.0	412.0	186278.00	474962.00
2016/10/18	412.0	412.0	403.0	409.0	115762.00	480000.00
2016/10/19	409.5	420.0	403.0	406.5	159912.00	494204.00
2016/10/20	407.0	415.5	406.0	412.0	148628.00	490340.00
2016/10/21	412.0	415.0	403.5	410.0	91754.00	481218.00
2016/10/24	408.0	417.0	403.5	415.5	153024.00	500186.00
2016/10/25	416.0	434.0	416.0	434.0	215502.00	453774.00
2016/10/26	438.0	444.5	425.0	434.0	254134.00	442826.00
2016/10/27	435.0	443.5	427.5	439.0	217514.00	453868.00
2016/10/28	440.0	456.0	437.0	453.0	264200.00	451244.00
2016/10/31	454.0	463.0	448.0	463.0	225552.00	446778.00
2016/11/01	465.0	467.5	454.5	463.5	213386.00	458194.00
2016/11/02	463.5	468.0	450.0	452.0	241726.00	463062.00
2016/11/03	452.0	460.0	449.0	460.0	157540.00	468208.00
2016/11/04	461.0	468.5	455.0	459.0	252670.00	496770.00
2016/11/07	459.0	486.0	453.0	478.5	378130.00	528384.00
2016/11/08	478.0	484.5	467.5	475.5	288050.00	510090.00
2016/11/09	474.5	506.0	474.5	506.0	373556.00	478306.00
2016/11/10	509.0	540.5	509.0	540.5	463774.00	415156.00
2016/11/11	545.0	563.5	541.0	563.5	326334.00	443566.00
2016/11/14	577.0	587.5	547.0	569.0	777518.00	424044.00
2016/11/15	570.0	577.0	540.5	540.5	261476.00	399926.00
2016/11/16	515.0	533.0	513.0	525.5	435658.00	371874.00
2016/11/17	533.0	533.0	501.5	523.5	404300.00	429890.00
2016/11/18	524.0	530.0	493.5	499.0	432370.00	455522.00
2016/11/21	499.5	510.5	480.0	499.5	560380.00	509536.00
2016/11/22	500.0	524.5	500.0	524.5	375686.00	522476.00
2016/11/23	536.5	557.5	536.5	557.5	610648.00	550878.00
2016/11/24	557.5	607.5	543.0	576.5	1171272.00	646638.00
2016/11/25	577.0	613.0	572.5	613.0	1420644.00	859560.00
2016/11/28	618.0	632.5	597.0	622.5	1637100.00	900398.00
2016/11/29	621.5	631.0	576.0	577.0	2138828.00	978978.00
2016/11/30	576.0	579.0	556.0	556.0	1241054.00	802416.00
2016/12/01	556.0	603.5	548.5	595.0	2249718.00	912974.00
2016/12/02	598.5	602.5	548.5	574.0	2876146.00	925294.00
2016/12/05	575.5	611.5	563.0	605.0	2373924.00	966858.00
2016/12/06	606.0	618.5	594.0	604.5	1898254.00	1006578.00
2016/12/07	605.0	648.5	602.0	644.5	2058256.00	1088068.00
2016/12/08	644.0	653.5	618.0	635.0	2016898.00	990776.00
2016/12/09	635.0	636.0	594.0	618.0	2462416.00	1037920.00
2016/12/12	619.0	657.0	606.0	635.5	1954478.00	1055646.00
2016/12/13	636.0	646.0	626.5	645.5	1615000.00	1077970.00
2016/12/14	643.0	643.5	598.0	605.0	2632632.00	1191134.00
2016/12/15	604.0	621.5	591.5	608.5	2068708.00	1125972.00
2016/12/16	605.5	613.5	590.5	591.5	1641702.00	1127448.00
2016/12/19	586.5	590.0	559.0	560.0	1789406.00	1113664.00
2016/12/20	561.0	576.0	558.5	568.0	1552190.00	1101380.00
2016/12/21	570.0	576.0	553.5	573.0	1548574.00	1146676.00
2016/12/22	573.0	573.0	541.5	542.5	1590678.00	1146852.00
2016/12/23	542.5	555.0	540.5	548.5	1415314.00	1094856.00
2016/12/26	547.0	559.0	529.0	554.5	2131098.00	1087366.00
2016/12/27	554.5	564.0	537.5	560.5	1861506.00	1046880.00
2016/12/28	560.0	575.5	554.0	564.5	1734938.00	1047580.00
2016/12/29	565.0	573.0	554.5	569.0	1513976.00	1035328.00
2016/12/30	566.5	571.0	545.5	548.0	1424872.00	921192.00
2017/01/03	551.0	568.0	531.0	534.0	969588.00	979164.00
2017/01/04	535.5	549.0	532.0	542.0	1313922.00	1019180.00
2017/01/05	542.5	559.5	539.5	550.5	1160088.00	985294.00
2017/01/06	550.0	557.5	538.0	538.5	1283084.00	1066706.00
2017/01/09	539.0	573.0	536.5	571.5	1248210.00	1050866.00
2017/01/10	570.5	594.0	565.0	594.0	1412502.00	1087534.00
2017/01/11	599.0	604.5	591.5	601.0	1081264.00	1051130.00
2017/01/12	599.0	617.0	592.0	607.5	1318150.00	1110954.00
2017/01/13	608.0	619.0	598.5	607.0	1201408.00	1107150.00
2017/01/16	606.5	657.5	604.0	653.0	1664016.00	1139744.00
2017/01/17	650.0	664.5	622.0	638.0	1739144.00	1071302.00
2017/01/18	638.5	666.0	629.0	638.0	1870808.00	1135722.00
2017/01/19	634.5	642.5	623.0	637.0	1503022.00	1105914.00
2017/01/20	634.5	641.0	607.0	612.5	1633878.00	1120620.00
2017/01/23	611.0	618.0	605.0	607.5	1094454.00	1033172.00
2017/01/24	609.5	654.5	607.0	648.5	1599504.00	1138602.00
2017/01/25	650.0	650.5	629.5	641.5	1005000.00	1006728.00
2017/01/26	640.5	662.5	635.5	660.0	867136.00	954832.00
2017/02/03	662.0	663.0	606.0	611.5	992122.00	913972.00
2017/02/06	612.0	615.5	598.5	603.0	1051750.00	979224.00
2017/02/07	602.0	630.0	598.0	625.0	1258816.00	1034410.00
2017/02/08	625.0	647.5	623.0	641.0	1294094.00	1097014.00
2017/02/09	641.5	649.5	636.0	641.0	1078064.00	1121320.00
2017/02/10	638.0	694.0	635.5	688.0	2216864.00	1312320.00
2017/02/13	685.0	713.0	685.0	712.5	1578374.00	1265432.00
2017/02/14	712.5	716.0	696.5	712.0	1174080.00	1270696.00
2017/02/15	712.0	718.0	691.0	697.5	1963814.00	1289760.00
2017/02/16	698.0	721.0	682.0	685.5	2327328.00	1260534.00
2017/02/17	685.0	707.5	685.0	702.0	1604950.00	1197376.00
