2011/05/17	2470.0	2475.0	2470.0	2475.0	4.00	4.00
2011/05/18	2473.0	2473.0	2473.0	2473.0	2.00	4.00
2011/07/13	2410.0	2410.0	2410.0	2410.0	2.00	2.00
2011/07/20	2335.0	2335.0	2335.0	2335.0	2.00	2.00
2011/07/27	2399.0	2399.0	2399.0	2399.0	2.00	2.00
2011/08/04	2416.0	2416.0	2416.0	2416.0	2.00	2.00
2011/08/05	2417.0	2417.0	2417.0	2417.0	2.00	2.00
2011/08/12	2352.0	2430.0	2352.0	2430.0	4.00	2.00
2011/08/16	2432.0	2432.0	2359.0	2359.0	4.00	2.00
2011/08/23	2300.0	2310.0	2300.0	2310.0	4.00	4.00
2011/08/24	2328.0	2328.0	2251.0	2251.0	4.00	6.00
2011/08/25	2251.0	2298.0	2205.0	2290.0	26.00	18.00
2011/08/31	2310.0	2310.0	2310.0	2310.0	2.00	18.00
2011/09/06	2335.0	2335.0	2332.0	2332.0	4.00	22.00
2011/09/07	2391.0	2391.0	2337.0	2337.0	46.00	28.00
2011/09/09	2368.0	2368.0	2345.0	2345.0	8.00	32.00
2011/09/13	2349.0	2349.0	2318.0	2329.0	24.00	48.00
2011/09/14	2329.0	2331.0	2315.0	2323.0	30.00	66.00
2011/09/15	2335.0	2339.0	2328.0	2330.0	66.00	124.00
2011/09/16	2340.0	2342.0	2328.0	2342.0	74.00	180.00
2011/09/19	2333.0	2334.0	2323.0	2323.0	32.00	196.00
2011/09/20	2316.0	2323.0	2308.0	2317.0	90.00	216.00
2011/09/21	2312.0	2340.0	2312.0	2334.0	242.00	406.00
2011/09/22	2316.0	2316.0	2282.0	2282.0	296.00	536.00
2011/09/23	2256.0	2265.0	2229.0	2230.0	202.00	624.00
2011/09/26	2237.0	2237.0	2152.0	2165.0	110.00	620.00
2011/09/27	2192.0	2195.0	2185.0	2186.0	48.00	640.00
2011/09/28	2186.0	2194.0	2155.0	2168.0	150.00	696.00
2011/09/29	2064.0	2099.0	2064.0	2089.0	100.00	654.00
2011/09/30	2222.0	2222.0	2091.0	2105.0	166.00	618.00
2011/10/10	2130.0	2135.0	2115.0	2119.0	44.00	622.00
2011/10/11	2128.0	2142.0	2116.0	2116.0	30.00	632.00
2011/10/12	2083.0	2128.0	2083.0	2119.0	62.00	614.00
2011/10/14	2118.0	2128.0	2115.0	2120.0	52.00	610.00
2011/10/17	2135.0	2135.0	2067.0	2075.0	254.00	526.00
2011/10/18	2061.0	2063.0	2021.0	2021.0	222.00	450.00
2011/10/19	2030.0	2034.0	1997.0	2006.0	84.00	456.00
2011/10/20	1998.0	1998.0	1912.0	1917.0	190.00	438.00
2011/10/21	1919.0	1950.0	1919.0	1940.0	82.00	456.00
2011/10/24	1956.0	2004.0	1930.0	1990.0	74.00	460.00
2011/10/25	1991.0	2023.0	1977.0	1990.0	154.00	456.00
2011/10/26	1988.0	1999.0	1980.0	1991.0	64.00	472.00
2011/10/27	1994.0	2006.0	1990.0	2006.0	32.00	482.00
2011/10/28	2097.0	2097.0	2003.0	2013.0	126.00	508.00
2011/10/31	1993.0	2013.0	1993.0	2000.0	78.00	504.00
2011/11/01	1992.0	2013.0	1988.0	1990.0	128.00	530.00
2011/11/02	1973.0	1989.0	1961.0	1989.0	270.00	570.00
2011/11/03	1984.0	1984.0	1970.0	1973.0	70.00	600.00
2011/11/04	1980.0	2000.0	1977.0	2000.0	284.00	698.00
2011/11/07	1987.0	1999.0	1987.0	1992.0	102.00	684.00
2011/11/08	2005.0	2011.0	1998.0	2010.0	144.00	730.00
2011/11/09	2025.0	2025.0	2003.0	2005.0	234.00	810.00
2011/11/10	1970.0	1988.0	1939.0	1972.0	414.00	848.00
2011/11/11	1982.0	2073.0	1981.0	2065.0	3002.00	1578.00
2011/11/14	2040.0	2092.0	2040.0	2056.0	1468.00	1540.00
2011/11/15	2040.0	2096.0	2033.0	2070.0	2102.00	2032.00
2011/11/16	2072.0	2081.0	2050.0	2051.0	1442.00	2314.00
2011/11/17	2052.0	2073.0	2047.0	2064.0	694.00	2296.00
2011/11/18	2060.0	2060.0	2039.0	2052.0	378.00	2270.00
2011/11/21	2052.0	2066.0	2019.0	2032.0	950.00	2142.00
2011/11/22	2025.0	2034.0	2021.0	2033.0	436.00	2074.00
2011/11/23	2028.0	2034.0	2014.0	2014.0	382.00	2002.00
2011/11/24	2005.0	2019.0	1989.0	2014.0	636.00	1740.00
2011/11/25	2012.0	2015.0	2000.0	2004.0	210.00	1668.00
2011/11/28	2006.0	2021.0	1984.0	1994.0	988.00	1812.00
2011/11/29	1992.0	2009.0	1990.0	2009.0	506.00	1820.00
2011/11/30	2003.0	2049.0	1999.0	2008.0	2612.00	2506.00
2011/12/01	2043.0	2073.0	2030.0	2051.0	3728.00	2176.00
2011/12/02	2043.0	2047.0	2038.0	2041.0	1122.00	2054.00
2011/12/05	2046.0	2049.0	2036.0	2044.0	948.00	2012.00
2011/12/06	2041.0	2041.0	1983.0	2000.0	5952.00	3284.00
2011/12/07	2000.0	2003.0	1993.0	1999.0	2898.00	3290.00
2011/12/08	1988.0	2000.0	1976.0	1990.0	3860.00	3804.00
2011/12/09	1988.0	2004.0	1980.0	1992.0	3454.00	3620.00
2011/12/12	1998.0	1998.0	1956.0	1958.0	5450.00	5218.00
2011/12/13	1959.0	1964.0	1943.0	1961.0	3816.00	5398.00
2011/12/14	1958.0	1960.0	1941.0	1949.0	3496.00	5662.00
2011/12/15	1920.0	1936.0	1911.0	1926.0	3964.00	5434.00
2011/12/16	1938.0	1970.0	1929.0	1968.0	6900.00	4566.00
2011/12/19	1970.0	1974.0	1953.0	1968.0	5412.00	4624.00
2011/12/20	1970.0	1986.0	1965.0	1974.0	6080.00	4184.00
2011/12/21	1985.0	1988.0	1974.0	1977.0	3410.00	4242.00
2011/12/22	1976.0	1978.0	1959.0	1977.0	3992.00	4086.00
2011/12/23	1977.0	1978.0	1968.0	1969.0	3238.00	4466.00
2011/12/26	1972.0	1980.0	1951.0	1956.0	6248.00	4746.00
2011/12/27	1956.0	1962.0	1951.0	1956.0	2290.00	4556.00
2011/12/28	1961.0	1993.0	1959.0	1983.0	9040.00	4170.00
2011/12/29	1973.0	1987.0	1972.0	1984.0	3214.00	3808.00
2011/12/30	1991.0	2007.0	1987.0	2000.0	5146.00	3886.00
2012/01/04	2018.0	2018.0	1990.0	1990.0	3578.00	3796.00
2012/01/05	1992.0	1999.0	1978.0	1999.0	2618.00	3674.00
2012/01/06	1992.0	2043.0	1992.0	2034.0	13566.00	4066.00
2012/01/09	2030.0	2040.0	2025.0	2033.0	3984.00	4146.00
2012/01/10	2035.0	2049.0	2021.0	2038.0	7208.00	4300.00
2012/01/11	2041.0	2076.0	2037.0	2064.0	15130.00	5390.00
2012/01/12	2060.0	2070.0	2056.0	2066.0	5262.00	5062.00
2012/01/13	2062.0	2086.0	2040.0	2041.0	8654.00	4718.00
2012/01/16	2030.0	2052.0	2024.0	2045.0	4584.00	4360.00
2012/01/17	2050.0	2076.0	2041.0	2065.0	6068.00	3922.00
2012/01/18	2071.0	2078.0	2056.0	2064.0	4078.00	3648.00
2012/01/19	2068.0	2094.0	2062.0	2072.0	5798.00	3368.00
2012/01/20	2073.0	2082.0	2068.0	2071.0	2628.00	3128.00
2012/01/30	2074.0	2118.0	2070.0	2088.0	8012.00	3538.00
2012/01/31	2094.0	2103.0	2086.0	2095.0	4914.00	3894.00
2012/02/01	2095.0	2098.0	2075.0	2080.0	3766.00	3918.00
2012/02/02	2081.0	2092.0	2073.0	2082.0	2994.00	3646.00
2012/02/03	2080.0	2091.0	2072.0	2084.0	3480.00	3722.00
2012/02/06	2095.0	2122.0	2087.0	2111.0	8466.00	4448.00
2012/02/07	2111.0	2121.0	2091.0	2092.0	4610.00	4396.00
2012/02/08	2094.0	2116.0	2094.0	2111.0	4482.00	4708.00
2012/02/09	2104.0	2124.0	2078.0	2083.0	10050.00	4092.00
2012/02/10	2088.0	2094.0	2071.0	2075.0	5432.00	3720.00
2012/02/13	2080.0	2080.0	2065.0	2071.0	3540.00	3668.00
2012/02/14	2072.0	2074.0	2062.0	2063.0	2926.00	3762.00
2012/02/15	2066.0	2076.0	2059.0	2060.0	4864.00	4168.00
2012/02/16	2052.0	2063.0	2036.0	2045.0	5152.00	3802.00
2012/02/17	2052.0	2059.0	2042.0	2043.0	2760.00	3874.00
2012/02/20	2053.0	2062.0	2046.0	2050.0	4356.00	3966.00
2012/02/21	2051.0	2064.0	2047.0	2061.0	3716.00	3866.00
2012/02/22	2070.0	2071.0	2062.0	2067.0	2122.00	3774.00
2012/02/23	2065.0	2066.0	2059.0	2065.0	1726.00	3540.00
2012/02/24	2069.0	2077.0	2061.0	2065.0	3624.00	3608.00
2012/02/27	2069.0	2085.0	2069.0	2081.0	2560.00	3460.00
2012/02/28	2080.0	2087.0	2079.0	2085.0	1310.00	3476.00
2012/02/29	2082.0	2092.0	2081.0	2091.0	1570.00	3496.00
2012/03/01	2087.0	2087.0	2073.0	2073.0	1940.00	3220.00
2012/03/02	2081.0	2098.0	2075.0	2090.0	3384.00	3646.00
2012/03/05	2088.0	2093.0	2066.0	2066.0	3028.00	3774.00
2012/03/06	2063.0	2069.0	2060.0	2064.0	1936.00	3496.00
2012/03/07	2051.0	2058.0	2041.0	2043.0	1826.00	3398.00
2012/03/08	2045.0	2057.0	2045.0	2053.0	1494.00	3434.00
2012/03/09	2054.0	2070.0	2053.0	2066.0	2304.00	3554.00
2012/03/12	2068.0	2069.0	2051.0	2054.0	2224.00	3654.00
2012/03/13	2055.0	2062.0	2054.0	2061.0	1682.00	3590.00
2012/03/14	2066.0	2068.0	2031.0	2032.0	3800.00	3914.00
2012/03/15	2025.0	2039.0	2012.0	2021.0	4470.00	4200.00
2012/03/16	2030.0	2031.0	2010.0	2018.0	2794.00	4264.00
2012/03/19	2023.0	2024.0	1999.0	2007.0	2718.00	4702.00
2012/03/20	2010.0	2028.0	2004.0	2024.0	5478.00	4454.00
2012/03/21	2020.0	2038.0	2020.0	2038.0	4312.00	4408.00
2012/03/22	2038.0	2042.0	2024.0	2038.0	3836.00	4102.00
2012/03/23	2037.0	2049.0	2032.0	2047.0	2420.00	3948.00
2012/03/26	2046.0	2055.0	2042.0	2044.0	1950.00	4074.00
2012/03/27	2050.0	2052.0	2041.0	2042.0	1324.00	3990.00
2012/03/28	2040.0	2040.0	2025.0	2027.0	1402.00	3802.00
2012/03/29	2026.0	2027.0	2021.0	2025.0	938.00	3664.00
2012/03/30	2021.0	2027.0	2021.0	2026.0	872.00	3426.00
2012/04/05	2021.0	2023.0	2013.0	2020.0	988.00	3272.00
2012/04/06	2012.0	2019.0	2007.0	2009.0	808.00	3242.00
2012/04/09	2011.0	2011.0	1998.0	1999.0	1114.00	3202.00
2012/04/10	1991.0	2002.0	1991.0	2002.0	1098.00	2912.00
2012/04/11	1995.0	2009.0	1995.0	2007.0	1232.00	2584.00
2012/04/12	2003.0	2010.0	1991.0	1994.0	1082.00	2170.00
2012/04/13	1999.0	2000.0	1979.0	1980.0	738.00	2028.00
2012/04/16	1979.0	1979.0	1965.0	1968.0	442.00	1800.00
2012/04/17	1968.0	1970.0	1952.0	1954.0	482.00	1580.00
2012/04/18	1950.0	1957.0	1939.0	1939.0	460.00	1406.00
2012/04/19	1923.0	1940.0	1909.0	1909.0	518.00	1312.00
2012/04/20	1905.0	1915.0	1890.0	1891.0	422.00	1190.00
2012/04/23	1889.0	1889.0	1843.0	1857.0	848.00	950.00
2012/04/24	1855.0	1862.0	1846.0	1852.0	140.00	848.00
2012/04/25	1855.0	1856.0	1829.0	1837.0	218.00	826.00
2012/04/26	1830.0	1846.0	1830.0	1846.0	320.00	674.00
2012/04/27	1843.0	1850.0	1747.0	1810.0	394.00	500.00
2012/05/02	1808.0	1808.0	1808.0	1808.0	60.00	440.00
2012/05/03	1839.0	1839.0	1839.0	1839.0	40.00	440.00
2012/05/04	1835.0	1836.0	1835.0	1836.0	68.00	380.00
2012/05/07	1835.0	1835.0	1800.0	1800.0	40.00	380.00
2012/05/08	1840.0	1840.0	1840.0	1840.0	20.00	380.00
2012/05/10	1800.0	1800.0	1800.0	1800.0	8.00	380.00
2012/05/11	1840.0	1840.0	1840.0	1840.0	4.00	380.00
2012/05/14	1780.0	1780.0	1780.0	1780.0	4.00	380.00
2012/05/17	1965.0	1965.0	1925.0	1925.0	4.00	2.00
2012/05/24	1966.0	1966.0	1889.0	1889.0	8.00	2.00
2012/05/28	1958.0	1958.0	1917.0	1925.0	6.00	4.00
2012/05/30	1924.0	1924.0	1924.0	1924.0	2.00	2.00
2012/05/31	1934.0	1934.0	1934.0	1934.0	2.00	2.00
2012/06/04	1921.0	1921.0	1921.0	1921.0	2.00	2.00
2012/06/11	1877.0	1984.0	1877.0	1900.0	6.00	4.00
2012/06/13	1876.0	1876.0	1876.0	1876.0	2.00	4.00
2012/06/14	1835.0	1835.0	1835.0	1835.0	4.00	8.00
2012/06/20	1870.0	1870.0	1870.0	1870.0	2.00	8.00
2012/06/21	1860.0	1860.0	1860.0	1860.0	2.00	10.00
2012/06/25	1860.0	1871.0	1832.0	1834.0	12.00	14.00
2012/06/26	1830.0	1830.0	1821.0	1821.0	8.00	12.00
2012/06/27	1796.0	1796.0	1770.0	1770.0	20.00	20.00
2012/06/28	1747.0	1750.0	1723.0	1726.0	30.00	30.00
2012/06/29	1709.0	1800.0	1709.0	1730.0	42.00	38.00
2012/07/02	1762.0	1790.0	1720.0	1772.0	28.00	42.00
2012/07/03	1773.0	1785.0	1772.0	1775.0	28.00	44.00
2012/07/04	1782.0	1798.0	1780.0	1798.0	16.00	44.00
2012/07/05	1800.0	1815.0	1800.0	1815.0	44.00	68.00
2012/07/06	1809.0	1813.0	1809.0	1813.0	8.00	68.00
2012/07/09	1792.0	1796.0	1792.0	1796.0	4.00	66.00
2012/07/10	1792.0	1795.0	1784.0	1785.0	8.00	68.00
2012/07/11	1757.0	1760.0	1756.0	1760.0	8.00	68.00
2012/07/12	1779.0	1799.0	1779.0	1799.0	6.00	68.00
2012/07/13	1800.0	1815.0	1800.0	1815.0	8.00	66.00
2012/07/16	1828.0	1828.0	1807.0	1809.0	18.00	68.00
2012/07/17	1779.0	1800.0	1779.0	1791.0	12.00	68.00
2012/07/18	1779.0	1788.0	1779.0	1781.0	10.00	68.00
2012/07/19	1806.0	1806.0	1790.0	1790.0	8.00	72.00
2012/07/20	1786.0	1786.0	1728.0	1728.0	66.00	86.00
2012/07/23	1686.0	1687.0	1679.0	1679.0	46.00	112.00
2012/07/24	1630.0	1690.0	1630.0	1680.0	62.00	108.00
2012/07/25	1685.0	1685.0	1615.0	1621.0	118.00	152.00
2012/07/26	1619.0	1659.0	1606.0	1637.0	116.00	130.00
2012/07/27	1600.0	1655.0	1600.0	1651.0	80.00	122.00
2012/07/30	1659.0	1659.0	1609.0	1622.0	82.00	124.00
2012/07/31	1615.0	1625.0	1605.0	1620.0	42.00	130.00
2012/08/01	1620.0	1642.0	1619.0	1639.0	54.00	130.00
2012/08/02	1630.0	1641.0	1620.0	1630.0	48.00	140.00
2012/08/03	1630.0	1640.0	1610.0	1610.0	94.00	186.00
2012/08/06	1618.0	1624.0	1597.0	1605.0	88.00	208.00
2012/08/07	1609.0	1617.0	1601.0	1608.0	48.00	198.00
2012/08/08	1614.0	1624.0	1611.0	1612.0	88.00	226.00
2012/08/09	1621.0	1628.0	1620.0	1623.0	86.00	260.00
2012/08/10	1629.0	1630.0	1621.0	1625.0	86.00	274.00
2012/08/13	1619.0	1619.0	1608.0	1612.0	50.00	312.00
2012/08/14	1600.0	1607.0	1549.0	1555.0	886.00	512.00
2012/08/15	1550.0	1565.0	1539.0	1550.0	338.00	430.00
2012/08/16	1556.0	1571.0	1548.0	1557.0	218.00	418.00
2012/08/17	1570.0	1571.0	1552.0	1559.0	264.00	404.00
2012/08/20	1559.0	1570.0	1553.0	1560.0	146.00	366.00
2012/08/21	1558.0	1558.0	1522.0	1532.0	270.00	406.00
2012/08/22	1530.0	1544.0	1525.0	1530.0	104.00	406.00
2012/08/23	1537.0	1549.0	1533.0	1546.0	82.00	414.00
2012/08/24	1540.0	1548.0	1526.0	1526.0	124.00	426.00
2012/08/27	1526.0	1535.0	1525.0	1527.0	152.00	422.00
2012/08/28	1520.0	1522.0	1488.0	1488.0	400.00	570.00
2012/08/29	1482.0	1483.0	1444.0	1463.0	1714.00	714.00
2012/08/30	1450.0	1457.0	1406.0	1444.0	1336.00	672.00
2012/08/31	1438.0	1450.0	1435.0	1439.0	534.00	716.00
2012/09/03	1434.0	1438.0	1422.0	1422.0	506.00	804.00
2012/09/04	1414.0	1419.0	1373.0	1373.0	1084.00	988.00
2012/09/05	1360.0	1360.0	1334.0	1334.0	1620.00	1136.00
2012/09/06	1333.0	1349.0	1316.0	1344.0	2260.00	1364.00
2012/09/07	1341.0	1387.0	1340.0	1387.0	3104.00	1436.00
2012/09/10	1412.0	1456.0	1410.0	1456.0	4274.00	1850.00
2012/09/11	1452.0	1467.0	1425.0	1458.0	4732.00	2080.00
2012/09/12	1455.0	1503.0	1445.0	1486.0	8566.00	2404.00
2012/09/13	1487.0	1507.0	1474.0	1484.0	5226.00	2796.00
2012/09/14	1510.0	1552.0	1506.0	1515.0	6394.00	3374.00
2012/09/17	1502.0	1518.0	1468.0	1503.0	9650.00	3680.00
2012/09/18	1491.0	1540.0	1483.0	1532.0	7152.00	3426.00
2012/09/19	1530.0	1543.0	1518.0	1531.0	5086.00	3480.00
2012/09/20	1520.0	1532.0	1488.0	1489.0	5440.00	3700.00
2012/09/21	1495.0	1504.0	1471.0	1491.0	4804.00	3486.00
2012/09/24	1485.0	1508.0	1475.0	1504.0	4098.00	3720.00
2012/09/25	1507.0	1528.0	1498.0	1505.0	5274.00	3550.00
2012/09/26	1500.0	1506.0	1489.0	1496.0	3216.00	3746.00
2012/09/27	1490.0	1520.0	1490.0	1504.0	3020.00	3778.00
2012/09/28	1508.0	1519.0	1505.0	1518.0	1462.00	3622.00
2012/10/08	1512.0	1528.0	1511.0	1521.0	1878.00	3672.00
2012/10/09	1526.0	1570.0	1524.0	1569.0	4264.00	4210.00
2012/10/10	1572.0	1605.0	1564.0	1591.0	7330.00	4902.00
2012/10/11	1586.0	1595.0	1573.0	1581.0	5284.00	5120.00
2012/10/12	1583.0	1627.0	1580.0	1602.0	9372.00	5604.00
2012/10/15	1597.0	1610.0	1545.0	1555.0	17036.00	9070.00
2012/10/16	1554.0	1577.0	1539.0	1572.0	24750.00	12730.00
2012/10/17	1572.0	1621.0	1572.0	1605.0	32980.00	16064.00
2012/10/18	1615.0	1653.0	1608.0	1649.0	96346.00	28798.00
2012/10/19	1649.0	1663.0	1633.0	1637.0	191690.00	38972.00
2012/10/22	1625.0	1678.0	1623.0	1677.0	274072.00	64678.00
2012/10/23	1682.0	1687.0	1599.0	1608.0	802334.00	81136.00
2012/10/24	1601.0	1630.0	1580.0	1625.0	1218940.00	97600.00
2012/10/25	1633.0	1634.0	1601.0	1622.0	1401676.00	99132.00
2012/10/26	1620.0	1624.0	1592.0	1609.0	1182954.00	107684.00
2012/10/29	1609.0	1613.0	1561.0	1565.0	1076962.00	132650.00
2012/10/30	1562.0	1576.0	1557.0	1566.0	776034.00	137502.00
2012/10/31	1568.0	1581.0	1551.0	1578.0	848792.00	146546.00
2012/11/01	1577.0	1600.0	1571.0	1595.0	767678.00	138982.00
2012/11/02	1593.0	1601.0	1573.0	1594.0	805178.00	128154.00
2012/11/05	1585.0	1608.0	1575.0	1587.0	1289018.00	136830.00
2012/11/06	1590.0	1598.0	1579.0	1580.0	846046.00	148270.00
2012/11/07	1582.0	1585.0	1550.0	1551.0	1238154.00	182940.00
2012/11/08	1536.0	1551.0	1529.0	1546.0	922916.00	174050.00
2012/11/09	1551.0	1571.0	1548.0	1560.0	836748.00	141600.00
2012/11/12	1557.0	1577.0	1557.0	1576.0	772250.00	134058.00
2012/11/13	1573.0	1581.0	1563.0	1568.0	602254.00	144136.00
2012/11/14	1570.0	1572.0	1563.0	1567.0	443336.00	130600.00
2012/11/15	1565.0	1579.0	1561.0	1573.0	533652.00	131670.00
2012/11/16	1574.0	1596.0	1574.0	1588.0	599928.00	129780.00
2012/11/19	1598.0	1600.0	1562.0	1566.0	743300.00	144132.00
2012/11/20	1572.0	1574.0	1563.0	1570.0	383070.00	142560.00
2012/11/21	1573.0	1594.0	1571.0	1593.0	543968.00	164086.00
2012/11/22	1596.0	1599.0	1583.0	1587.0	525550.00	159136.00
2012/11/23	1587.0	1591.0	1582.0	1588.0	251390.00	139208.00
2012/11/26	1586.0	1594.0	1571.0	1571.0	242974.00	149208.00
2012/11/27	1573.0	1574.0	1563.0	1568.0	432476.00	147000.00
2012/11/28	1565.0	1567.0	1552.0	1556.0	366720.00	144236.00
2012/11/29	1558.0	1560.0	1531.0	1533.0	456184.00	158126.00
2012/11/30	1538.0	1544.0	1517.0	1528.0	797976.00	148028.00
2012/12/03	1529.0	1569.0	1528.0	1561.0	605960.00	133494.00
2012/12/04	1563.0	1570.0	1552.0	1563.0	417208.00	119402.00
2012/12/05	1564.0	1592.0	1558.0	1586.0	556300.00	123170.00
2012/12/06	1587.0	1591.0	1570.0	1574.0	436646.00	114200.00
2012/12/07	1571.0	1607.0	1571.0	1604.0	778410.00	141532.00
2012/12/10	1605.0	1641.0	1604.0	1624.0	782872.00	141386.00
2012/12/11	1622.0	1631.0	1617.0	1622.0	562774.00	139948.00
2012/12/12	1624.0	1629.0	1613.0	1626.0	550134.00	141558.00
2012/12/13	1630.0	1631.0	1613.0	1619.0	377036.00	128828.00
2012/12/14	1615.0	1661.0	1615.0	1658.0	714052.00	137108.00
2012/12/17	1659.0	1676.0	1652.0	1669.0	573088.00	132648.00
2012/12/18	1672.0	1696.0	1668.0	1677.0	861894.00	121924.00
2012/12/19	1681.0	1683.0	1668.0	1679.0	429974.00	127156.00
2012/12/20	1674.0	1678.0	1655.0	1673.0	481440.00	128996.00
2012/12/21	1671.0	1692.0	1670.0	1677.0	511584.00	123574.00
2012/12/24	1679.0	1682.0	1664.0	1673.0	333574.00	126302.00
2012/12/25	1672.0	1717.0	1669.0	1706.0	644762.00	141378.00
2012/12/26	1706.0	1731.0	1704.0	1729.0	592964.00	160994.00
2012/12/27	1736.0	1782.0	1725.0	1729.0	981414.00	127250.00
2012/12/28	1728.0	1761.0	1723.0	1759.0	690274.00	125298.00
2012/12/31	1762.0	1827.0	1758.0	1824.0	1013368.00	137446.00
2013/01/04	1835.0	1844.0	1805.0	1839.0	906888.00	150162.00
2013/01/07	1837.0	1854.0	1809.0	1816.0	1016276.00	156320.00
2013/01/08	1815.0	1845.0	1795.0	1833.0	1166254.00	149620.00
2013/01/09	1834.0	1837.0	1802.0	1813.0	1023590.00	148216.00
2013/01/10	1816.0	1822.0	1799.0	1809.0	916750.00	145464.00
2013/01/11	1815.0	1817.0	1759.0	1763.0	1067364.00	138014.00
2013/01/14	1765.0	1855.0	1756.0	1826.0	1515978.00	167290.00
2013/01/15	1825.0	1832.0	1799.0	1808.0	1105384.00	165224.00
2013/01/16	1805.0	1810.0	1763.0	1787.0	1193316.00	156412.00
2013/01/17	1792.0	1820.0	1773.0	1818.0	1111024.00	202402.00
2013/01/18	1838.0	1865.0	1816.0	1865.0	1476788.00	221106.00
2013/01/21	1870.0	1896.0	1855.0	1864.0	1283254.00	216306.00
2013/01/22	1865.0	1878.0	1841.0	1871.0	1361254.00	191102.00
2013/01/23	1872.0	1888.0	1861.0	1881.0	1034876.00	205076.00
2013/01/24	1877.0	1879.0	1846.0	1865.0	1271828.00	192420.00
2013/01/25	1865.0	1882.0	1861.0	1872.0	892776.00	193876.00
2013/01/28	1871.0	1877.0	1859.0	1869.0	587890.00	185234.00
2013/01/29	1868.0	1894.0	1864.0	1886.0	833934.00	196620.00
2013/01/30	1889.0	1907.0	1882.0	1885.0	678416.00	186058.00
2013/01/31	1885.0	1903.0	1879.0	1902.0	581438.00	186356.00
2013/02/01	1905.0	1910.0	1893.0	1904.0	653762.00	167368.00
2013/02/04	1909.0	1931.0	1908.0	1920.0	481356.00	144074.00
2013/02/05	1914.0	1923.0	1903.0	1912.0	382066.00	112836.00
2013/02/06	1915.0	1918.0	1896.0	1908.0	173686.00	88118.00
2013/02/07	1908.0	1910.0	1869.0	1890.0	134342.00	49080.00
2013/02/08	1881.0	1897.0	1881.0	1888.0	31800.00	35054.00
2013/02/18	1878.0	1886.0	1848.0	1850.0	24754.00	28262.00
2013/02/19	1843.0	1858.0	1843.0	1854.0	17794.00	23288.00
2013/02/20	1875.0	1875.0	1845.0	1852.0	10304.00	20946.00
2013/02/21	1841.0	1844.0	1779.0	1779.0	52120.00	16370.00
2013/02/22	1781.0	1791.0	1770.0	1772.0	17680.00	11192.00
2013/02/25	1779.0	1779.0	1760.0	1765.0	9856.00	9036.00
2013/02/26	1759.0	1782.0	1732.0	1760.0	9676.00	8156.00
2013/02/27	1768.0	1780.0	1763.0	1777.0	5660.00	7558.00
2013/02/28	1781.0	1795.0	1780.0	1790.0	4704.00	7352.00
2013/03/01	1785.0	1787.0	1743.0	1771.0	6046.00	6802.00
2013/03/04	1770.0	1770.0	1725.0	1735.0	8164.00	6438.00
2013/03/05	1728.0	1745.0	1728.0	1737.0	4270.00	5920.00
2013/03/06	1737.0	1742.0	1713.0	1715.0	4830.00	5644.00
2013/03/07	1715.0	1715.0	1685.0	1688.0	4338.00	5498.00
2013/03/08	1693.0	1696.0	1658.0	1682.0	5146.00	4758.00
2013/03/11	1681.0	1681.0	1666.0	1666.0	2058.00	4490.00
2013/03/12	1670.0	1673.0	1660.0	1668.0	2040.00	4314.00
2013/03/13	1672.0	1672.0	1638.0	1641.0	2290.00	4006.00
2013/03/14	1635.0	1635.0	1587.0	1593.0	5238.00	3474.00
2013/03/15	1593.0	1650.0	1577.0	1600.0	5224.00	2658.00
2013/03/18	1594.0	1622.0	1570.0	1589.0	2770.00	2546.00
2013/03/19	1598.0	1612.0	1593.0	1604.0	1370.00	2512.00
2013/03/20	1591.0	1614.0	1591.0	1611.0	1152.00	2492.00
2013/03/21	1615.0	1636.0	1609.0	1617.0	1556.00	2322.00
2013/03/22	1627.0	1627.0	1596.0	1604.0	908.00	2316.00
2013/03/25	1619.0	1619.0	1605.0	1606.0	814.00	2198.00
2013/03/26	1603.0	1610.0	1582.0	1596.0	1004.00	2030.00
2013/03/27	1598.0	1599.0	1587.0	1588.0	310.00	2026.00
2013/03/28	1592.0	1592.0	1559.0	1567.0	1082.00	1880.00
2013/03/29	1556.0	1563.0	1530.0	1546.0	1070.00	1736.00
2013/04/01	1546.0	1552.0	1525.0	1532.0	836.00	1538.00
2013/04/02	1537.0	1580.0	1536.0	1571.0	908.00	1520.00
2013/04/03	1590.0	1590.0	1558.0	1563.0	776.00	1238.00
2013/04/08	1550.0	1566.0	1545.0	1556.0	462.00	1290.00
2013/04/09	1558.0	1563.0	1548.0	1549.0	548.00	1302.00
2013/04/10	1544.0	1551.0	1539.0	1542.0	336.00	1234.00
2013/04/11	1535.0	1550.0	1520.0	1520.0	348.00	1264.00
2013/04/12	1530.0	1530.0	1515.0	1519.0	192.00	1222.00
2013/04/15	1508.0	1508.0	1471.0	1478.0	436.00	1028.00
2013/04/16	1430.0	1465.0	1430.0	1458.0	564.00	792.00
2013/04/17	1459.0	1488.0	1440.0	1453.0	408.00	706.00
2013/04/18	1432.0	1440.0	1418.0	1434.0	288.00	626.00
2013/04/19	1449.0	1449.0	1429.0	1440.0	94.00	608.00
2013/04/22	1456.0	1456.0	1442.0	1443.0	98.00	538.00
2013/04/23	1452.0	1458.0	1407.0	1421.0	216.00	454.00
2013/04/24	1430.0	1442.0	1409.0	1423.0	148.00	426.00
2013/04/25	1420.0	1430.0	1405.0	1430.0	120.00	376.00
2013/04/26	1422.0	1449.0	1415.0	1415.0	436.00	312.00
2013/05/02	1401.0	1401.0	1401.0	1401.0	2.00	310.00
2013/05/03	1431.0	1431.0	1431.0	1431.0	8.00	302.00
2013/05/14	1537.0	1537.0	1537.0	1537.0	2.00	302.00
2013/05/15	1445.0	1445.0	1445.0	1445.0	2.00	0.00
2013/05/16	1625.0	1652.0	1625.0	1630.0	62.00	28.00
2013/05/17	1639.0	1663.0	1627.0	1661.0	22.00	38.00
2013/05/20	1661.0	1689.0	1661.0	1676.0	32.00	42.00
2013/05/21	1692.0	1705.0	1671.0	1682.0	84.00	52.00
2013/05/22	1682.0	1710.0	1682.0	1700.0	44.00	68.00
2013/05/23	1687.0	1688.0	1659.0	1662.0	66.00	66.00
2013/05/24	1657.0	1686.0	1657.0	1680.0	42.00	82.00
2013/05/27	1665.0	1665.0	1649.0	1655.0	28.00	80.00
2013/05/28	1646.0	1648.0	1627.0	1642.0	56.00	92.00
2013/05/29	1641.0	1649.0	1601.0	1601.0	50.00	80.00
2013/05/30	1600.0	1615.0	1593.0	1609.0	106.00	86.00
2013/05/31	1609.0	1627.0	1589.0	1595.0	168.00	68.00
2013/06/03	1598.0	1603.0	1586.0	1594.0	60.00	74.00
2013/06/04	1605.0	1614.0	1596.0	1614.0	104.00	108.00
2013/06/05	1617.0	1637.0	1612.0	1628.0	188.00	120.00
2013/06/06	1623.0	1623.0	1563.0	1563.0	216.00	150.00
2013/06/07	1563.0	1580.0	1552.0	1564.0	166.00	152.00
2013/06/13	1541.0	1555.0	1536.0	1545.0	78.00	162.00
2013/06/14	1552.0	1565.0	1552.0	1558.0	118.00	172.00
2013/06/17	1570.0	1614.0	1567.0	1578.0	380.00	238.00
2013/06/18	1582.0	1596.0	1576.0	1587.0	208.00	254.00
2013/06/19	1591.0	1595.0	1581.0	1595.0	130.00	252.00
2013/06/20	1580.0	1580.0	1525.0	1529.0	266.00	196.00
2013/06/21	1511.0	1538.0	1496.0	1525.0	186.00	222.00
2013/06/24	1523.0	1534.0	1498.0	1498.0	152.00	244.00
2013/06/25	1500.0	1512.0	1484.0	1508.0	186.00	272.00
2013/06/26	1510.0	1512.0	1475.0	1483.0	264.00	292.00
2013/06/27	1483.0	1509.0	1483.0	1501.0	272.00	312.00
2013/06/28	1494.0	1518.0	1491.0	1503.0	192.00	330.00
2013/07/01	1503.0	1510.0	1492.0	1505.0	102.00	340.00
2013/07/02	1510.0	1513.0	1498.0	1505.0	170.00	310.00
2013/07/03	1506.0	1506.0	1480.0	1488.0	170.00	314.00
2013/07/04	1480.0	1501.0	1476.0	1501.0	380.00	336.00
2013/07/05	1499.0	1510.0	1496.0	1502.0	450.00	378.00
2013/07/08	1502.0	1502.0	1475.0	1486.0	472.00	414.00
2013/07/09	1490.0	1496.0	1484.0	1485.0	224.00	362.00
2013/07/10	1480.0	1510.0	1465.0	1509.0	516.00	478.00
2013/07/11	1515.0	1544.0	1514.0	1525.0	552.00	478.00
2013/07/12	1520.0	1520.0	1500.0	1502.0	318.00	446.00
2013/07/15	1500.0	1510.0	1487.0	1490.0	316.00	456.00
2013/07/16	1494.0	1494.0	1482.0	1493.0	532.00	496.00
2013/07/17	1498.0	1528.0	1494.0	1514.0	592.00	598.00
2013/07/18	1509.0	1515.0	1504.0	1515.0	326.00	664.00
2013/07/19	1526.0	1533.0	1515.0	1523.0	812.00	876.00
2013/07/22	1535.0	1535.0	1509.0	1526.0	1290.00	892.00
2013/07/23	1519.0	1534.0	1519.0	1532.0	806.00	1022.00
2013/07/24	1536.0	1538.0	1515.0	1531.0	786.00	1038.00
2013/07/25	1524.0	1537.0	1523.0	1528.0	708.00	1228.00
2013/07/26	1524.0	1532.0	1520.0	1523.0	656.00	998.00
2013/07/29	1516.0	1516.0	1500.0	1501.0	550.00	898.00
2013/07/30	1495.0	1511.0	1495.0	1499.0	504.00	934.00
2013/07/31	1496.0	1511.0	1496.0	1511.0	476.00	1052.00
2013/08/01	1508.0	1528.0	1508.0	1524.0	1058.00	1382.00
2013/08/02	1530.0	1536.0	1525.0	1536.0	848.00	1486.00
2013/08/05	1532.0	1542.0	1532.0	1539.0	1526.00	1810.00
2013/08/06	1508.0	1538.0	1508.0	1532.0	1688.00	1662.00
2013/08/07	1530.0	1546.0	1525.0	1544.0	2018.00	1874.00
2013/08/08	1545.0	1583.0	1545.0	1578.0	3364.00	2042.00
2013/08/09	1582.0	1599.0	1573.0	1598.0	3304.00	2468.00
2013/08/12	1607.0	1646.0	1603.0	1646.0	7084.00	3194.00
2013/08/13	1646.0	1681.0	1645.0	1680.0	4480.00	3196.00
2013/08/14	1660.0	1706.0	1660.0	1671.0	11302.00	4410.00
2013/08/15	1673.0	1690.0	1664.0	1669.0	8624.00	4606.00
2013/08/16	1676.0	1684.0	1656.0	1663.0	9226.00	5288.00
2013/08/19	1669.0	1704.0	1658.0	1683.0	9692.00	5830.00
2013/08/20	1683.0	1689.0	1668.0	1679.0	9054.00	6126.00
2013/08/21	1680.0	1691.0	1676.0	1688.0	6978.00	7858.00
2013/08/22	1683.0	1699.0	1677.0	1688.0	7204.00	8536.00
2013/08/23	1690.0	1735.0	1690.0	1728.0	19646.00	12700.00
2013/08/26	1740.0	1780.0	1729.0	1738.0	18678.00	12120.00
2013/08/27	1736.0	1743.0	1723.0	1734.0	9474.00	11868.00
2013/08/28	1736.0	1746.0	1663.0	1663.0	19542.00	11682.00
2013/08/29	1668.0	1676.0	1643.0	1657.0	16942.00	11752.00
2013/08/30	1655.0	1676.0	1647.0	1664.0	13812.00	12160.00
2013/09/02	1685.0	1720.0	1676.0	1711.0	21876.00	13628.00
2013/09/03	1720.0	1720.0	1686.0	1699.0	15104.00	13044.00
2013/09/04	1705.0	1709.0	1687.0	1696.0	9764.00	13934.00
2013/09/05	1692.0	1707.0	1689.0	1699.0	11084.00	14512.00
2013/09/06	1704.0	1708.0	1681.0	1691.0	11256.00	14730.00
2013/09/09	1715.0	1715.0	1698.0	1708.0	11292.00	16116.00
2013/09/10	1700.0	1707.0	1683.0	1693.0	11092.00	15692.00
2013/09/11	1691.0	1700.0	1686.0	1696.0	12472.00	16912.00
2013/09/12	1695.0	1696.0	1672.0	1672.0	17726.00	17872.00
2013/09/13	1673.0	1674.0	1655.0	1657.0	14302.00	18230.00
2013/09/16	1662.0	1675.0	1641.0	1646.0	27206.00	24286.00
2013/09/17	1641.0	1654.0	1613.0	1653.0	35992.00	29814.00
2013/09/18	1653.0	1675.0	1643.0	1672.0	27358.00	30916.00
2013/09/23	1661.0	1680.0	1660.0	1679.0	19718.00	32158.00
2013/09/24	1683.0	1683.0	1658.0	1661.0	23190.00	32012.00
2013/09/25	1660.0	1674.0	1654.0	1674.0	22586.00	31630.00
2013/09/26	1680.0	1680.0	1663.0	1665.0	18180.00	32038.00
2013/09/27	1665.0	1665.0	1642.0	1643.0	34708.00	33850.00
2013/09/30	1638.0	1650.0	1627.0	1631.0	19154.00	34108.00
2013/10/08	1642.0	1646.0	1603.0	1641.0	28972.00	38490.00
2013/10/09	1638.0	1654.0	1634.0	1646.0	36416.00	48056.00
2013/10/10	1640.0	1647.0	1633.0	1635.0	23332.00	48234.00
2013/10/11	1640.0	1659.0	1640.0	1649.0	29630.00	48854.00
2013/10/14	1648.0	1703.0	1641.0	1696.0	107334.00	72400.00
2013/10/15	1698.0	1716.0	1679.0	1687.0	156534.00	98096.00
2013/10/16	1681.0	1688.0	1663.0	1666.0	131310.00	101614.00
2013/10/17	1675.0	1684.0	1647.0	1647.0	152466.00	97612.00
2013/10/18	1647.0	1661.0	1642.0	1645.0	112870.00	103392.00
2013/10/21	1641.0	1692.0	1641.0	1691.0	191444.00	132734.00
2013/10/22	1691.0	1693.0	1665.0	1673.0	222986.00	143710.00
2013/10/23	1676.0	1678.0	1646.0	1662.0	314620.00	150620.00
2013/10/24	1659.0	1661.0	1619.0	1629.0	452808.00	181318.00
2013/10/25	1630.0	1637.0	1593.0	1594.0	489396.00	208688.00
2013/10/28	1596.0	1608.0	1591.0	1598.0	411248.00	218096.00
2013/10/29	1599.0	1609.0	1579.0	1598.0	647326.00	233774.00
2013/10/30	1601.0	1619.0	1596.0	1615.0	533146.00	243836.00
2013/10/31	1611.0	1618.0	1593.0	1601.0	632560.00	242982.00
2013/11/01	1599.0	1626.0	1596.0	1625.0	559278.00	249258.00
2013/11/04	1622.0	1631.0	1602.0	1605.0	558284.00	245460.00
2013/11/05	1604.0	1606.0	1586.0	1600.0	585164.00	247740.00
2013/11/06	1599.0	1606.0	1584.0	1590.0	594642.00	259192.00
2013/11/07	1590.0	1603.0	1586.0	1593.0	495700.00	261166.00
2013/11/08	1593.0	1595.0	1567.0	1567.0	635842.00	265672.00
2013/11/11	1571.0	1577.0	1565.0	1571.0	395682.00	247178.00
2013/11/12	1572.0	1589.0	1564.0	1587.0	570784.00	254452.00
2013/11/13	1584.0	1601.0	1581.0	1597.0	591098.00	254172.00
2013/11/14	1599.0	1608.0	1591.0	1598.0	441842.00	258152.00
2013/11/15	1600.0	1606.0	1583.0	1585.0	455052.00	246788.00
2013/11/18	1591.0	1598.0	1583.0	1593.0	530032.00	254348.00
2013/11/19	1590.0	1618.0	1589.0	1618.0	485584.00	274550.00
2013/11/20	1620.0	1630.0	1613.0	1620.0	579192.00	243310.00
2013/11/21	1618.0	1622.0	1606.0	1607.0	477844.00	240900.00
2013/11/22	1610.0	1624.0	1609.0	1612.0	437756.00	235566.00
2013/11/25	1617.0	1620.0	1604.0	1609.0	439624.00	241790.00
2013/11/26	1611.0	1633.0	1608.0	1620.0	633234.00	265108.00
2013/11/27	1618.0	1620.0	1606.0	1612.0	509556.00	236370.00
2013/11/28	1610.0	1624.0	1609.0	1617.0	420522.00	239998.00
2013/11/29	1620.0	1623.0	1613.0	1616.0	319704.00	234466.00
2013/12/02	1615.0	1632.0	1614.0	1629.0	512008.00	254706.00
2013/12/03	1626.0	1630.0	1620.0	1625.0	391146.00	237630.00
2013/12/04	1626.0	1646.0	1625.0	1637.0	552296.00	238206.00
2013/12/05	1640.0	1645.0	1621.0	1622.0	454526.00	237606.00
2013/12/06	1620.0	1624.0	1611.0	1618.0	491792.00	239980.00
2013/12/09	1619.0	1627.0	1613.0	1618.0	280102.00	228778.00
2013/12/10	1618.0	1623.0	1616.0	1618.0	278974.00	224976.00
2013/12/11	1618.0	1619.0	1607.0	1613.0	393848.00	239074.00
2013/12/12	1615.0	1627.0	1608.0	1608.0	470438.00	241408.00
2013/12/13	1605.0	1605.0	1552.0	1558.0	772188.00	223942.00
2013/12/16	1559.0	1567.0	1549.0	1557.0	444956.00	236022.00
2013/12/17	1564.0	1573.0	1555.0	1558.0	470100.00	214480.00
2013/12/18	1558.0	1565.0	1544.0	1562.0	525982.00	202716.00
2013/12/19	1566.0	1571.0	1548.0	1557.0	437038.00	199132.00
2013/12/20	1555.0	1557.0	1534.0	1536.0	470670.00	191146.00
2013/12/23	1536.0	1536.0	1515.0	1516.0	413444.00	205712.00
2013/12/24	1517.0	1530.0	1513.0	1523.0	371798.00	218438.00
2013/12/25	1526.0	1532.0	1505.0	1515.0	437850.00	221414.00
2013/12/26	1513.0	1516.0	1507.0	1510.0	295702.00	218016.00
2013/12/27	1511.0	1519.0	1503.0	1510.0	475550.00	211806.00
2013/12/30	1511.0	1517.0	1485.0	1487.0	451626.00	221230.00
2013/12/31	1481.0	1484.0	1452.0	1458.0	815726.00	193692.00
2014/01/02	1456.0	1465.0	1449.0	1454.0	413172.00	202104.00
2014/01/03	1451.0	1453.0	1421.0	1426.0	456610.00	202180.00
2014/01/06	1422.0	1433.0	1412.0	1416.0	544780.00	198700.00
2014/01/07	1418.0	1424.0	1407.0	1411.0	599224.00	212824.00
2014/01/08	1409.0	1418.0	1406.0	1410.0	323882.00	201784.00
2014/01/09	1407.0	1422.0	1369.0	1372.0	760192.00	242250.00
2014/01/10	1370.0	1388.0	1364.0	1382.0	653282.00	236906.00
2014/01/13	1385.0	1400.0	1367.0	1372.0	610980.00	224856.00
2014/01/14	1365.0	1394.0	1365.0	1391.0	588438.00	221202.00
2014/01/15	1389.0	1394.0	1380.0	1388.0	457222.00	211842.00
2014/01/16	1393.0	1396.0	1380.0	1384.0	490158.00	220798.00
2014/01/17	1381.0	1382.0	1365.0	1375.0	547058.00	224772.00
2014/01/20	1372.0	1380.0	1337.0	1346.0	785658.00	218430.00
2014/01/21	1348.0	1352.0	1337.0	1342.0	422510.00	222250.00
2014/01/22	1337.0	1364.0	1332.0	1340.0	669740.00	223266.00
2014/01/23	1338.0	1358.0	1336.0	1355.0	543126.00	206888.00
2014/01/24	1351.0	1373.0	1342.0	1370.0	815820.00	190906.00
2014/01/27	1363.0	1368.0	1352.0	1358.0	331074.00	177750.00
2014/01/28	1354.0	1356.0	1326.0	1333.0	361466.00	172156.00
2014/01/29	1335.0	1356.0	1328.0	1348.0	362492.00	147828.00
2014/01/30	1345.0	1355.0	1344.0	1350.0	175830.00	136346.00
2014/02/07	1351.0	1354.0	1302.0	1327.0	278972.00	145648.00
2014/02/10	1329.0	1345.0	1321.0	1338.0	533036.00	177856.00
2014/02/11	1334.0	1340.0	1319.0	1321.0	440418.00	195920.00
2014/02/12	1322.0	1328.0	1314.0	1324.0	327182.00	205314.00
2014/02/13	1321.0	1331.0	1319.0	1320.0	341336.00	194502.00
2014/02/14	1322.0	1326.0	1313.0	1316.0	311072.00	212100.00
2014/02/17	1315.0	1362.0	1311.0	1354.0	802374.00	190380.00
2014/02/18	1352.0	1355.0	1333.0	1336.0	400926.00	196778.00
2014/02/19	1340.0	1356.0	1338.0	1346.0	583442.00	207204.00
2014/02/20	1344.0	1347.0	1328.0	1334.0	437144.00	188788.00
2014/02/21	1337.0	1339.0	1323.0	1328.0	355306.00	195396.00
2014/02/24	1322.0	1325.0	1277.0	1277.0	690948.00	201672.00
2014/02/25	1280.0	1289.0	1275.0	1279.0	523820.00	191472.00
2014/02/26	1277.0	1290.0	1269.0	1283.0	582668.00	198312.00
2014/02/27	1281.0	1289.0	1278.0	1284.0	351350.00	198400.00
2014/02/28	1282.0	1289.0	1264.0	1273.0	597630.00	191818.00
2014/03/03	1270.0	1271.0	1255.0	1258.0	515590.00	200856.00
2014/03/04	1257.0	1260.0	1229.0	1238.0	575152.00	189214.00
2014/03/05	1242.0	1257.0	1226.0	1238.0	855458.00	193962.00
2014/03/06	1232.0	1238.0	1224.0	1224.0	484138.00	194290.00
2014/03/07	1222.0	1228.0	1182.0	1182.0	785704.00	172748.00
2014/03/10	1160.0	1170.0	1157.0	1157.0	176466.00	157948.00
2014/03/11	1125.0	1157.0	1101.0	1136.0	786912.00	125730.00
2014/03/12	1116.0	1166.0	1111.0	1149.0	429054.00	111686.00
2014/03/13	1152.0	1163.0	1146.0	1161.0	150906.00	92822.00
2014/03/14	1159.0	1160.0	1130.0	1149.0	111654.00	67182.00
2014/03/17	1154.0	1159.0	1141.0	1147.0	45122.00	64188.00
2014/03/18	1147.0	1161.0	1141.0	1159.0	54800.00	56776.00
2014/03/19	1159.0	1162.0	1149.0	1154.0	36158.00	53384.00
2014/03/20	1157.0	1168.0	1146.0	1147.0	43498.00	46352.00
2014/03/21	1142.0	1154.0	1125.0	1143.0	53728.00	42984.00
2014/03/24	1136.0	1145.0	1133.0	1144.0	33438.00	38436.00
2014/03/25	1145.0	1182.0	1143.0	1182.0	45448.00	32174.00
2014/03/26	1180.0	1184.0	1156.0	1158.0	36212.00	27794.00
2014/03/27	1150.0	1169.0	1147.0	1152.0	25424.00	26340.00
2014/03/28	1155.0	1161.0	1150.0	1154.0	23884.00	27340.00
2014/03/31	1155.0	1166.0	1145.0	1149.0	33932.00	27010.00
2014/04/01	1149.0	1154.0	1139.0	1152.0	13876.00	26528.00
2014/04/02	1157.0	1157.0	1142.0	1142.0	8058.00	26246.00
2014/04/03	1144.0	1160.0	1136.0	1151.0	24034.00	26750.00
2014/04/04	1148.0	1170.0	1148.0	1167.0	16826.00	26616.00
2014/04/08	1161.0	1201.0	1161.0	1181.0	19524.00	26118.00
2014/04/09	1179.0	1182.0	1163.0	1167.0	9254.00	25034.00
2014/04/10	1166.0	1175.0	1148.0	1152.0	12566.00	24808.00
2014/04/11	1151.0	1160.0	1146.0	1155.0	7782.00	23272.00
2014/04/14	1155.0	1174.0	1145.0	1153.0	9608.00	21100.00
2014/04/15	1155.0	1171.0	1151.0	1170.0	8212.00	18642.00
2014/04/16	1170.0	1171.0	1154.0	1165.0	6198.00	17042.00
2014/04/17	1162.0	1165.0	1153.0	1153.0	2708.00	16018.00
2014/04/18	1152.0	1153.0	1104.0	1119.0	13332.00	9006.00
2014/04/21	1119.0	1130.0	1109.0	1113.0	2806.00	7118.00
2014/04/22	1107.0	1117.0	1107.0	1113.0	1100.00	6418.00
2014/04/23	1115.0	1117.0	1104.0	1108.0	2516.00	5040.00
2014/04/24	1108.0	1111.0	1100.0	1104.0	1396.00	4532.00
2014/04/25	1109.0	1110.0	1091.0	1091.0	836.00	4238.00
2014/04/28	1091.0	1096.0	1069.0	1071.0	1394.00	3542.00
2014/04/29	1074.0	1078.0	1068.0	1072.0	2088.00	2840.00
2014/04/30	1073.0	1075.0	1021.0	1024.0	2360.00	1930.00
2014/05/05	1040.0	1065.0	1040.0	1065.0	100.00	1930.00
2014/05/06	1080.0	1080.0	1060.0	1070.0	120.00	1942.00
2014/05/07	1060.0	1072.0	1060.0	1065.0	116.00	1940.00
2014/05/09	1070.0	1072.0	1070.0	1072.0	62.00	1960.00
2014/05/12	1075.0	1110.0	1075.0	1100.0	266.00	1820.00
2014/05/13	1100.0	1110.0	1080.0	1085.0	380.00	1640.00
2014/05/14	1085.0	1085.0	1085.0	1085.0	400.00	1640.00
2014/05/15	1085.0	1085.0	1085.0	1085.0	20.00	1620.00
2014/05/16	1054.0	1054.0	1054.0	1054.0	40.00	0.00
2014/05/19	1250.0	1258.0	1233.0	1245.0	444.00	290.00
2014/05/20	1245.0	1249.0	1235.0	1237.0	252.00	438.00
2014/05/21	1238.0	1244.0	1227.0	1233.0	378.00	456.00
2014/05/22	1243.0	1257.0	1240.0	1240.0	282.00	560.00
2014/05/23	1240.0	1247.0	1239.0	1242.0	138.00	580.00
2014/05/26	1242.0	1278.0	1242.0	1270.0	794.00	1160.00
2014/05/27	1272.0	1273.0	1265.0	1273.0	294.00	1398.00
2014/05/28	1269.0	1269.0	1245.0	1253.0	320.00	1372.00
2014/05/29	1251.0	1265.0	1251.0	1252.0	266.00	1458.00
2014/05/30	1247.0	1255.0	1245.0	1255.0	792.00	1540.00
2014/06/03	1260.0	1260.0	1248.0	1248.0	286.00	1572.00
2014/06/04	1247.0	1252.0	1243.0	1250.0	214.00	1570.00
2014/06/05	1256.0	1264.0	1244.0	1262.0	244.00	1606.00
2014/06/06	1259.0	1270.0	1257.0	1266.0	360.00	1682.00
2014/06/09	1265.0	1268.0	1260.0	1261.0	356.00	1772.00
2014/06/10	1263.0	1264.0	1250.0	1258.0	206.00	1762.00
2014/06/11	1258.0	1258.0	1244.0	1244.0	234.00	1718.00
2014/06/12	1238.0	1241.0	1227.0	1227.0	504.00	1676.00
2014/06/13	1223.0	1238.0	1221.0	1231.0	526.00	1794.00
2014/06/16	1232.0	1234.0	1222.0	1224.0	126.00	1840.00
2014/06/17	1221.0	1235.0	1219.0	1233.0	138.00	1844.00
2014/06/18	1230.0	1235.0	1225.0	1228.0	74.00	1864.00
2014/06/19	1230.0	1231.0	1220.0	1220.0	164.00	1874.00
2014/06/20	1220.0	1248.0	1209.0	1237.0	498.00	1968.00
2014/06/23	1240.0	1252.0	1237.0	1237.0	1020.00	2396.00
2014/06/24	1234.0	1234.0	1228.0	1231.0	200.00	2380.00
2014/06/25	1230.0	1240.0	1230.0	1236.0	226.00	2466.00
2014/06/26	1237.0	1253.0	1237.0	1251.0	1148.00	3030.00
2014/06/27	1249.0	1251.0	1236.0	1236.0	498.00	3014.00
2014/06/30	1231.0	1232.0	1222.0	1222.0	278.00	2910.00
2014/07/01	1224.0	1231.0	1223.0	1230.0	512.00	2958.00
2014/07/02	1230.0	1238.0	1217.0	1237.0	460.00	3024.00
2014/07/03	1236.0	1241.0	1227.0	1227.0	378.00	3114.00
2014/07/04	1230.0	1230.0	1216.0	1216.0	912.00	3402.00
2014/07/07	1206.0	1229.0	1206.0	1229.0	2470.00	3074.00
2014/07/08	1230.0	1230.0	1210.0	1222.0	1852.00	2478.00
2014/07/09	1223.0	1223.0	1201.0	1202.0	1932.00	2568.00
2014/07/10	1202.0	1207.0	1190.0	1196.0	2492.00	3242.00
2014/07/11	1195.0	1200.0	1180.0	1183.0	2658.00	2978.00
2014/07/14	1184.0	1189.0	1175.0	1180.0	7366.00	7256.00
2014/07/15	1179.0	1207.0	1179.0	1200.0	4274.00	8510.00
2014/07/16	1201.0	1206.0	1190.0	1193.0	2566.00	8978.00
2014/07/17	1193.0	1199.0	1189.0	1189.0	1936.00	9314.00
2014/07/18	1191.0	1199.0	1180.0	1183.0	1822.00	9326.00
2014/07/21	1183.0	1196.0	1178.0	1195.0	1942.00	9762.00
2014/07/22	1196.0	1202.0	1189.0	1191.0	3732.00	10502.00
2014/07/23	1192.0	1194.0	1167.0	1171.0	5800.00	9824.00
2014/07/24	1172.0	1176.0	1168.0	1169.0	5394.00	7652.00
2014/07/25	1170.0	1181.0	1167.0	1170.0	6330.00	5892.00
2014/07/28	1171.0	1178.0	1162.0	1174.0	11434.00	11730.00
2014/07/29	1174.0	1189.0	1173.0	1183.0	4822.00	12384.00
2014/07/30	1181.0	1187.0	1172.0	1174.0	4144.00	13368.00
2014/07/31	1175.0	1177.0	1168.0	1173.0	3142.00	12450.00
2014/08/01	1171.0	1173.0	1154.0	1156.0	4312.00	11900.00
2014/08/04	1155.0	1177.0	1153.0	1177.0	5110.00	14138.00
2014/08/05	1178.0	1193.0	1175.0	1179.0	8158.00	14650.00
2014/08/06	1178.0	1188.0	1174.0	1179.0	4516.00	15334.00
2014/08/07	1178.0	1192.0	1178.0	1187.0	4016.00	16828.00
2014/08/08	1187.0	1193.0	1180.0	1185.0	4828.00	15884.00
2014/08/11	1182.0	1190.0	1180.0	1180.0	8454.00	19686.00
2014/08/12	1181.0	1181.0	1166.0	1168.0	8752.00	20368.00
2014/08/13	1169.0	1174.0	1165.0	1165.0	8470.00	22210.00
2014/08/14	1167.0	1167.0	1140.0	1144.0	21492.00	22486.00
2014/08/15	1143.0	1159.0	1139.0	1158.0	13080.00	23538.00
2014/08/18	1159.0	1165.0	1151.0	1153.0	11698.00	24510.00
2014/08/19	1154.0	1160.0	1148.0	1159.0	7530.00	25412.00
2014/08/20	1159.0	1161.0	1150.0	1150.0	7692.00	25676.00
2014/08/21	1150.0	1157.0	1147.0	1153.0	9406.00	25568.00
2014/08/22	1151.0	1170.0	1151.0	1159.0	15220.00	26026.00
2014/08/25	1158.0	1167.0	1154.0	1167.0	12094.00	25898.00
2014/08/26	1166.0	1174.0	1164.0	1174.0	11130.00	28304.00
2014/08/27	1171.0	1182.0	1162.0	1163.0	23496.00	28678.00
2014/08/28	1163.0	1165.0	1155.0	1156.0	15370.00	28690.00
2014/08/29	1155.0	1163.0	1151.0	1157.0	10284.00	29238.00
2014/09/01	1158.0	1161.0	1146.0	1148.0	13512.00	28116.00
2014/09/02	1147.0	1174.0	1143.0	1168.0	23838.00	28002.00
2014/09/03	1168.0	1169.0	1151.0	1151.0	16354.00	25796.00
2014/09/04	1150.0	1160.0	1147.0	1148.0	18654.00	24878.00
2014/09/05	1149.0	1155.0	1137.0	1138.0	19678.00	24570.00
2014/09/09	1138.0	1144.0	1110.0	1112.0	38124.00	33210.00
2014/09/10	1113.0	1128.0	1102.0	1118.0	44288.00	43858.00
2014/09/11	1118.0	1119.0	1112.0	1114.0	12892.00	44046.00
2014/09/12	1114.0	1124.0	1111.0	1121.0	14076.00	44944.00
2014/09/15	1116.0	1145.0	1116.0	1136.0	23906.00	46438.00
2014/09/16	1136.0	1140.0	1126.0	1127.0	20348.00	47080.00
2014/09/17	1127.0	1141.0	1126.0	1138.0	18958.00	46808.00
2014/09/18	1135.0	1140.0	1132.0	1132.0	13926.00	45434.00
2014/09/19	1131.0	1132.0	1118.0	1121.0	19832.00	44032.00
2014/09/22	1121.0	1128.0	1079.0	1091.0	61058.00	50144.00
2014/09/23	1090.0	1119.0	1089.0	1107.0	40468.00	48558.00
2014/09/24	1107.0	1114.0	1103.0	1110.0	17830.00	48284.00
2014/09/25	1107.0	1113.0	1093.0	1095.0	26250.00	46508.00
2014/09/26	1094.0	1109.0	1090.0	1104.0	24378.00	44592.00
2014/09/29	1104.0	1108.0	1089.0	1093.0	20202.00	40672.00
2014/09/30	1093.0	1102.0	1084.0	1087.0	18382.00	41018.00
2014/10/08	1095.0	1112.0	1090.0	1092.0	13840.00	42628.00
2014/10/09	1092.0	1129.0	1088.0	1120.0	46128.00	52022.00
2014/10/10	1121.0	1122.0	1104.0	1115.0	28810.00	50954.00
2014/10/13	1114.0	1144.0	1113.0	1130.0	52414.00	58570.00
2014/10/14	1129.0	1131.0	1120.0	1124.0	21062.00	55292.00
2014/10/15	1124.0	1132.0	1119.0	1120.0	20496.00	51700.00
2014/10/16	1118.0	1118.0	1103.0	1110.0	26074.00	50954.00
2014/10/17	1108.0	1118.0	1098.0	1107.0	34880.00	57828.00
2014/10/20	1109.0	1114.0	1084.0	1096.0	65834.00	54580.00
2014/10/21	1094.0	1100.0	1084.0	1086.0	36354.00	59374.00
2014/10/22	1088.0	1092.0	1057.0	1065.0	79398.00	66534.00
2014/10/23	1067.0	1072.0	1059.0	1070.0	50440.00	61258.00
2014/10/24	1071.0	1088.0	1070.0	1087.0	61358.00	60654.00
2014/10/27	1088.0	1089.0	1077.0	1079.0	30770.00	58116.00
2014/10/28	1081.0	1081.0	1058.0	1064.0	73240.00	67776.00
2014/10/29	1065.0	1071.0	1061.0	1071.0	63152.00	69342.00
2014/10/30	1071.0	1080.0	1067.0	1070.0	61968.00	72708.00
2014/10/31	1069.0	1080.0	1064.0	1076.0	88800.00	71158.00
2014/11/03	1073.0	1089.0	1072.0	1079.0	74368.00	76312.00
2014/11/04	1081.0	1081.0	1066.0	1074.0	90514.00	72020.00
2014/11/05	1070.0	1072.0	1042.0	1051.0	172424.00	77084.00
2014/11/06	1050.0	1058.0	1045.0	1054.0	73862.00	79796.00
2014/11/07	1053.0	1067.0	1053.0	1064.0	86010.00	75144.00
2014/11/10	1065.0	1071.0	1064.0	1068.0	59226.00	76468.00
2014/11/11	1068.0	1069.0	1057.0	1060.0	57696.00	86380.00
2014/11/12	1061.0	1068.0	1059.0	1067.0	48874.00	86336.00
2014/11/13	1067.0	1070.0	1061.0	1064.0	44934.00	85154.00
2014/11/14	1065.0	1068.0	1062.0	1066.0	31738.00	81686.00
2014/11/17	1066.0	1075.0	1064.0	1065.0	59198.00	80172.00
2014/11/18	1062.0	1063.0	1042.0	1044.0	146010.00	91860.00
2014/11/19	1043.0	1048.0	1036.0	1044.0	105540.00	94168.00
2014/11/20	1044.0	1049.0	1039.0	1041.0	56204.00	96172.00
2014/11/21	1040.0	1040.0	1024.0	1035.0	159360.00	95246.00
2014/11/24	1051.0	1069.0	1031.0	1031.0	285508.00	109826.00
2014/11/25	1029.0	1036.0	1019.0	1035.0	202160.00	119622.00
2014/11/26	1034.0	1038.0	1026.0	1031.0	174772.00	123368.00
2014/11/27	1031.0	1061.0	1029.0	1053.0	286584.00	124506.00
2014/11/28	1050.0	1050.0	1037.0	1039.0	290410.00	114386.00
2014/12/01	1038.0	1040.0	1008.0	1032.0	280778.00	100236.00
2014/12/02	1035.0	1053.0	1029.0	1031.0	228836.00	101830.00
2014/12/03	1029.0	1039.0	1026.0	1036.0	145284.00	101080.00
2014/12/04	1036.0	1050.0	1033.0	1039.0	266126.00	109080.00
2014/12/05	1039.0	1042.0	1035.0	1036.0	122192.00	106824.00
2014/12/08	1036.0	1040.0	1029.0	1029.0	127226.00	111408.00
2014/12/09	1027.0	1031.0	1015.0	1031.0	184440.00	116666.00
2014/12/10	1030.0	1038.0	1024.0	1034.0	130956.00	114862.00
2014/12/11	1032.0	1037.0	1025.0	1036.0	123550.00	112272.00
2014/12/12	1036.0	1048.0	1035.0	1044.0	234362.00	122144.00
2014/12/15	1045.0	1047.0	1037.0	1042.0	90174.00	117236.00
2014/12/16	1041.0	1044.0	1030.0	1037.0	141406.00	120640.00
2014/12/17	1036.0	1037.0	1024.0	1025.0	159742.00	120396.00
2014/12/18	1025.0	1037.0	1020.0	1032.0	130732.00	115396.00
2014/12/19	1034.0	1045.0	1029.0	1045.0	116036.00	120932.00
2014/12/22	1046.0	1046.0	1018.0	1020.0	200796.00	129308.00
2014/12/23	1018.0	1020.0	999.0	999.0	357458.00	178642.00
2014/12/24	998.0	1016.0	996.0	1011.0	232278.00	162218.00
2014/12/25	1010.0	1014.0	1003.0	1005.0	91756.00	168194.00
2014/12/26	1005.0	1011.0	1004.0	1007.0	58342.00	163022.00
2014/12/29	1005.0	1014.0	1002.0	1007.0	118682.00	167514.00
2014/12/30	1008.0	1048.0	1006.0	1048.0	467412.00	138706.00
2014/12/31	1053.0	1056.0	1028.0	1032.0	232922.00	108958.00
2015/01/05	1029.0	1037.0	1023.0	1031.0	82832.00	107114.00
2015/01/06	1029.0	1065.0	1028.0	1054.0	356160.00	128868.00
2015/01/07	1055.0	1057.0	1045.0	1055.0	157394.00	131474.00
2015/01/08	1056.0	1066.0	1051.0	1063.0	214786.00	130880.00
2015/01/09	1062.0	1064.0	1050.0	1056.0	142758.00	113548.00
2015/01/12	1055.0	1060.0	1037.0	1040.0	143376.00	107560.00
2015/01/13	1039.0	1042.0	1032.0	1042.0	69622.00	111242.00
2015/01/14	1039.0	1045.0	1029.0	1038.0	133292.00	109072.00
2015/01/15	1040.0	1050.0	1034.0	1047.0	122498.00	122328.00
2015/01/16	1050.0	1052.0	1044.0	1045.0	79676.00	126346.00
2015/01/19	1045.0	1057.0	1038.0	1042.0	208834.00	136016.00
2015/01/20	1042.0	1044.0	1029.0	1038.0	150906.00	109556.00
2015/01/21	1038.0	1043.0	1035.0	1036.0	70660.00	105786.00
2015/01/22	1037.0	1042.0	1032.0	1033.0	84706.00	104330.00
2015/01/23	1033.0	1037.0	1030.0	1033.0	102068.00	108618.00
2015/01/26	1035.0	1035.0	1015.0	1017.0	152294.00	119524.00
2015/01/27	1017.0	1031.0	1016.0	1024.0	77278.00	109612.00
2015/01/28	1023.0	1028.0	1021.0	1027.0	39164.00	109012.00
2015/01/29	1028.0	1031.0	1023.0	1025.0	55900.00	103022.00
2015/01/30	1025.0	1027.0	1023.0	1025.0	26126.00	100888.00
2015/02/02	1025.0	1029.0	1024.0	1027.0	38330.00	99640.00
2015/02/03	1027.0	1035.0	1026.0	1031.0	68600.00	91802.00
2015/02/04	1032.0	1038.0	1027.0	1028.0	66706.00	96430.00
2015/02/05	1031.0	1033.0	1029.0	1031.0	36176.00	93766.00
2015/02/06	1030.0	1041.0	1030.0	1039.0	65964.00	98994.00
2015/02/09	1040.0	1045.0	1031.0	1034.0	38280.00	93870.00
2015/02/10	1035.0	1037.0	1033.0	1035.0	17346.00	91924.00
2015/02/11	1035.0	1036.0	1032.0	1036.0	16120.00	88352.00
2015/02/12	1036.0	1037.0	1031.0	1033.0	16178.00	86088.00
2015/02/13	1034.0	1043.0	1032.0	1040.0	45234.00	84402.00
2015/02/16	1039.0	1043.0	1037.0	1039.0	31696.00	75740.00
2015/02/17	1039.0	1039.0	1026.0	1029.0	37864.00	69814.00
2015/02/25	1024.0	1028.0	1018.0	1019.0	30484.00	68988.00
2015/02/26	1019.0	1027.0	1019.0	1026.0	24714.00	70472.00
2015/02/27	1026.0	1028.0	1020.0	1021.0	23178.00	69922.00
2015/03/02	1021.0	1024.0	1017.0	1023.0	51014.00	74216.00
2015/03/03	1023.0	1025.0	1018.0	1020.0	31666.00	69596.00
2015/03/04	1022.0	1022.0	1019.0	1021.0	16248.00	66316.00
2015/03/05	1020.0	1020.0	997.0	1000.0	67954.00	75814.00
2015/03/06	1001.0	1006.0	998.0	1001.0	26684.00	78086.00
2015/03/09	1001.0	1011.0	998.0	1007.0	42470.00	71114.00
2015/03/10	1009.0	1010.0	1003.0	1004.0	23940.00	69812.00
2015/03/11	1003.0	1008.0	1000.0	1005.0	19762.00	67794.00
2015/03/12	1003.0	1007.0	1003.0	1006.0	14988.00	68026.00
2015/03/13	1007.0	1008.0	1000.0	1007.0	27988.00	67392.00
2015/03/16	1005.0	1007.0	992.0	1002.0	54494.00	69272.00
2015/03/17	1003.0	1003.0	994.0	996.0	28050.00	73338.00
2015/03/18	992.0	995.0	979.0	983.0	62238.00	74244.00
2015/03/19	982.0	986.0	978.0	980.0	28066.00	69570.00
2015/03/20	980.0	984.0	975.0	976.0	19220.00	69094.00
2015/03/23	975.0	978.0	960.0	965.0	56886.00	73676.00
2015/03/24	964.0	974.0	961.0	965.0	45866.00	75390.00
2015/03/25	965.0	966.0	944.0	954.0	76092.00	72732.00
2015/03/26	954.0	956.0	945.0	946.0	35930.00	68836.00
2015/03/27	946.0	946.0	930.0	940.0	70752.00	56846.00
2015/03/30	940.0	949.0	932.0	936.0	39634.00	53208.00
2015/03/31	946.0	946.0	933.0	938.0	26772.00	50036.00
2015/04/01	938.0	944.0	933.0	939.0	23946.00	46928.00
2015/04/02	937.0	939.0	913.0	917.0	35200.00	42314.00
2015/04/03	916.0	921.0	910.0	918.0	21210.00	37806.00
2015/04/07	914.0	924.0	913.0	917.0	10622.00	35762.00
2015/04/08	918.0	918.0	896.0	906.0	17712.00	30054.00
2015/04/09	906.0	906.0	882.0	883.0	17586.00	25230.00
2015/04/10	882.0	885.0	871.0	882.0	13816.00	21186.00
2015/04/13	884.0	907.0	881.0	906.0	16760.00	19832.00
2015/04/14	904.0	910.0	896.0	905.0	12302.00	17666.00
2015/04/15	900.0	900.0	888.0	894.0	6058.00	17474.00
2015/04/16	894.0	900.0	892.0	899.0	3620.00	16518.00
2015/04/17	895.0	900.0	891.0	893.0	2832.00	15788.00
2015/04/20	892.0	894.0	888.0	889.0	5280.00	13600.00
2015/04/21	889.0	890.0	886.0	889.0	2540.00	12070.00
2015/04/22	888.0	894.5	885.0	891.0	5050.00	9884.00
2015/04/23	896.0	896.0	887.0	888.5	2152.00	8904.00
2015/04/24	891.0	904.0	888.0	898.0	3672.00	7230.00
2015/04/27	899.5	914.0	888.5	901.5	2542.00	6394.00
2015/04/28	897.5	903.0	888.5	889.0	1802.00	5606.00
2015/04/29	889.5	896.0	886.0	887.0	1176.00	4564.00
2015/04/30	885.0	887.5	853.5	853.5	2866.00	2830.00
2015/05/04	817.0	817.0	817.0	817.0	1622.00	1552.00
2015/05/05	781.0	830.0	781.0	819.0	996.00	1376.00
2015/05/06	809.5	842.0	801.0	842.0	354.00	1372.00
2015/05/07	828.0	838.0	820.5	838.0	50.00	1374.00
2015/05/08	821.0	821.0	820.0	820.0	26.00	1360.00
2015/05/12	801.0	801.0	800.5	800.5	70.00	1360.00
2015/05/13	801.0	801.0	801.0	801.0	200.00	1160.00
2015/05/14	802.0	802.0	801.0	801.0	202.00	960.00
2015/05/15	835.0	835.0	835.0	835.0	602.00	0.00
2015/05/18	953.0	989.0	953.0	978.0	134.00	76.00
2015/05/19	975.0	978.0	970.0	970.0	80.00	88.00
2015/05/20	966.5	966.5	946.0	953.5	134.00	118.00
2015/05/21	923.0	962.5	923.0	961.0	80.00	102.00
2015/05/22	961.0	963.0	957.0	963.0	64.00	132.00
2015/05/25	956.0	961.0	956.0	960.0	50.00	154.00
2015/05/26	964.0	973.5	962.0	966.0	118.00	216.00
2015/05/27	967.5	967.5	962.5	966.0	32.00	216.00
2015/05/28	965.5	967.0	965.5	966.0	50.00	220.00
2015/05/29	965.0	968.5	961.5	968.5	18.00	226.00
2015/06/01	975.0	984.0	973.5	984.0	38.00	232.00
2015/06/02	984.0	984.0	976.0	980.5	30.00	238.00
2015/06/03	976.5	980.5	976.5	979.5	16.00	238.00
2015/06/04	973.0	978.0	973.0	978.0	8.00	238.00
2015/06/05	975.5	975.5	975.5	975.5	10.00	238.00
2015/06/08	975.5	976.5	974.5	976.5	36.00	248.00
2015/06/09	974.5	976.0	973.5	974.0	36.00	264.00
2015/06/10	974.0	975.5	973.0	975.5	102.00	270.00
2015/06/11	975.5	980.0	975.5	980.0	14.00	276.00
2015/06/12	976.0	976.0	968.0	968.0	52.00	256.00
2015/06/15	969.0	970.5	961.0	961.0	110.00	254.00
2015/06/16	959.5	961.0	951.0	952.0	52.00	252.00
2015/06/17	950.0	950.0	942.5	944.0	144.00	244.00
2015/06/18	946.0	947.5	943.5	944.5	102.00	172.00
2015/06/19	946.5	951.5	946.5	948.0	68.00	180.00
2015/06/23	941.0	941.0	938.5	938.5	6.00	182.00
2015/06/24	940.0	946.0	940.0	944.0	28.00	186.00
2015/06/25	944.0	944.0	938.0	938.5	54.00	186.00
2015/06/26	937.0	940.0	937.0	940.0	62.00	188.00
2015/06/29	934.5	936.0	931.5	932.0	64.00	196.00
2015/06/30	932.0	932.0	909.5	918.0	150.00	218.00
2015/07/01	920.0	925.5	920.0	922.5	48.00	238.00
2015/07/02	922.0	925.5	922.0	925.5	10.00	238.00
2015/07/03	925.5	929.0	923.5	925.5	62.00	252.00
2015/07/06	925.5	925.5	892.0	897.0	332.00	342.00
2015/07/07	897.5	898.5	881.5	881.5	270.00	366.00
2015/07/08	880.0	890.0	856.0	856.0	316.00	292.00
2015/07/09	812.0	891.0	812.0	867.0	432.00	186.00
2015/07/10	869.0	872.5	855.5	855.5	126.00	204.00
2015/07/13	859.5	862.0	851.5	858.0	104.00	222.00
2015/07/14	859.5	859.5	854.5	854.5	58.00	208.00
2015/07/15	853.0	857.0	851.5	852.0	112.00	188.00
2015/07/16	845.5	850.0	840.0	849.5	162.00	194.00
2015/07/17	845.0	846.5	844.5	846.0	16.00	192.00
2015/07/20	847.5	857.0	847.5	856.5	24.00	202.00
2015/07/21	856.5	857.0	846.0	846.0	36.00	204.00
2015/07/22	849.5	850.5	835.5	843.0	110.00	196.00
2015/07/23	841.5	845.5	838.0	840.0	160.00	292.00
2015/07/24	838.5	838.5	835.0	835.5	16.00	298.00
2015/07/27	835.5	840.5	835.5	838.0	22.00	298.00
2015/07/28	838.5	843.0	837.5	837.5	26.00	310.00
2015/07/29	839.0	847.5	838.0	839.0	148.00	336.00
2015/07/30	838.0	839.0	829.5	829.5	166.00	388.00
2015/07/31	830.0	834.0	829.5	829.5	80.00	444.00
2015/08/03	830.0	837.0	822.0	822.0	162.00	490.00
2015/08/04	821.5	822.0	814.0	820.0	156.00	506.00
2015/08/05	820.0	822.0	818.0	821.5	118.00	548.00
2015/08/06	821.5	821.5	815.5	816.5	104.00	558.00
2015/08/07	817.0	818.0	812.5	815.5	84.00	576.00
2015/08/10	813.0	815.0	808.5	810.0	114.00	634.00
2015/08/11	810.5	826.0	809.5	819.0	244.00	682.00
2015/08/12	818.0	838.5	818.0	838.5	170.00	684.00
2015/08/13	838.0	843.5	830.5	833.5	300.00	698.00
2015/08/14	832.5	837.0	832.5	835.0	232.00	714.00
2015/08/17	836.5	836.5	818.0	821.0	246.00	760.00
2015/08/18	820.0	822.0	815.0	815.0	250.00	826.00
2015/08/19	812.5	814.5	808.5	813.0	280.00	868.00
2015/08/20	814.0	814.5	810.5	811.0	106.00	898.00
2015/08/21	809.0	813.5	809.0	812.0	84.00	900.00
2015/08/24	809.0	810.0	782.0	784.0	960.00	1004.00
2015/08/25	782.5	795.5	782.5	788.0	392.00	1080.00
2015/08/26	796.0	799.0	783.5	783.5	282.00	1086.00
2015/08/27	788.0	792.0	783.5	792.0	348.00	1218.00
2015/08/28	790.5	808.0	790.5	804.5	614.00	1204.00
2015/08/31	801.5	801.5	790.0	790.0	520.00	1276.00
2015/09/01	791.0	793.5	788.5	791.5	350.00	1246.00
2015/09/02	790.5	791.0	784.5	785.5	580.00	1472.00
2015/09/07	783.0	785.5	780.5	783.5	670.00	1900.00
2015/09/08	785.0	788.5	784.5	788.0	822.00	2212.00
2015/09/09	788.5	801.5	788.0	793.0	2240.00	2280.00
2015/09/10	793.0	793.5	786.5	792.5	968.00	2378.00
2015/09/11	796.0	796.0	788.0	790.5	2006.00	2762.00
2015/09/14	787.0	789.0	776.0	778.5	4540.00	3804.00
2015/09/15	778.5	780.0	776.0	776.5	1782.00	3768.00
2015/09/16	777.0	782.0	774.0	781.5	4942.00	3934.00
2015/09/17	783.0	783.0	777.0	779.5	1748.00	3904.00
2015/09/18	778.5	782.0	777.5	780.0	1604.00	3768.00
2015/09/21	779.0	784.0	776.0	780.0	3884.00	4320.00
2015/09/22	781.0	782.0	775.0	776.0	1998.00	4758.00
2015/09/23	773.5	774.0	770.0	772.5	3784.00	5644.00
2015/09/24	774.0	775.0	767.5	769.0	4484.00	7682.00
2015/09/25	770.0	771.5	766.5	768.5	2200.00	7262.00
2015/09/28	768.0	769.0	763.0	763.5	1434.00	7530.00
2015/09/29	761.0	766.5	749.0	759.5	2406.00	7764.00
2015/09/30	761.5	761.5	754.5	757.0	2676.00	8952.00
2015/10/08	764.0	764.0	752.0	755.5	1662.00	9272.00
2015/10/09	756.0	765.5	754.5	765.0	4354.00	10040.00
2015/10/12	764.0	764.5	743.0	744.5	9270.00	12786.00
2015/10/13	744.5	744.5	739.0	742.5	7680.00	13146.00
2015/10/14	742.5	742.5	734.5	737.5	5948.00	14676.00
2015/10/15	737.0	740.0	734.5	737.0	9414.00	16868.00
2015/10/16	736.0	739.5	735.0	737.0	8860.00	17942.00
2015/10/19	736.5	738.0	731.0	732.5	7396.00	19352.00
2015/10/20	732.0	732.0	726.0	727.5	11726.00	24276.00
2015/10/21	728.0	728.5	724.0	728.0	13200.00	29732.00
2015/10/22	726.0	731.0	724.0	726.5	10312.00	28518.00
2015/10/23	726.5	729.0	722.5	727.5	14946.00	31732.00
2015/10/26	727.0	727.5	723.5	727.0	5924.00	33174.00
2015/10/27	727.0	727.0	718.0	721.0	24716.00	45886.00
2015/10/28	720.0	721.0	716.0	719.0	12822.00	49306.00
2015/10/29	718.5	721.0	716.0	718.5	12282.00	48976.00
2015/10/30	718.5	720.5	717.0	718.5	5652.00	48308.00
2015/11/02	718.5	719.5	709.0	713.0	16364.00	52804.00
2015/11/03	711.0	711.0	707.0	710.5	13592.00	55018.00
2015/11/04	709.0	711.0	706.5	710.5	12296.00	55388.00
2015/11/05	709.0	712.0	704.0	706.0	14928.00	57310.00
2015/11/06	705.0	708.5	704.5	707.5	10164.00	57302.00
2015/11/09	707.0	707.5	704.0	706.0	7642.00	58142.00
2015/11/10	704.0	707.0	704.0	706.0	10812.00	57526.00
2015/11/11	706.0	706.0	695.0	696.5	18656.00	60594.00
2015/11/12	695.0	695.0	680.5	683.0	46522.00	77006.00
2015/11/13	680.0	686.0	679.0	681.5	31052.00	79560.00
2015/11/16	682.0	682.0	672.0	673.0	41470.00	94082.00
2015/11/17	673.0	674.0	668.0	671.5	30574.00	102456.00
2015/11/18	672.0	672.0	664.0	667.0	19046.00	107412.00
2015/11/19	666.5	668.0	641.0	641.0	81718.00	121212.00
2015/11/20	631.0	638.5	610.5	619.0	242384.00	111564.00
2015/11/23	618.5	624.0	610.0	611.5	115232.00	118794.00
2015/11/24	613.0	628.5	612.0	621.0	133588.00	118506.00
2015/11/25	620.0	634.0	613.5	629.5	190988.00	120800.00
2015/11/26	625.0	649.0	620.0	632.0	272544.00	112406.00
2015/11/27	633.0	633.0	617.0	618.0	179262.00	129562.00
2015/11/30	618.0	623.5	606.5	611.5	155160.00	135840.00
2015/12/01	612.0	617.0	607.0	613.5	120678.00	141090.00
2015/12/02	612.0	630.5	609.5	623.0	240094.00	146196.00
2015/12/03	622.0	625.5	615.5	616.5	112684.00	146256.00
2015/12/04	617.0	623.0	600.0	611.5	240154.00	152472.00
2015/12/07	611.5	618.5	610.0	617.0	112334.00	154920.00
2015/12/08	615.0	617.0	605.5	612.5	139022.00	153802.00
2015/12/09	610.5	613.5	605.5	607.5	131834.00	160498.00
2015/12/10	607.5	609.0	604.0	606.5	100880.00	162888.00
2015/12/11	606.0	612.0	602.0	610.5	89434.00	156424.00
2015/12/14	610.0	621.0	607.0	615.0	137926.00	158614.00
2015/12/15	613.0	623.5	612.5	615.5	139754.00	156000.00
2015/12/16	617.0	620.0	614.0	617.5	63322.00	154054.00
2015/12/17	618.0	627.5	617.0	617.5	121744.00	164598.00
2015/12/18	617.0	631.0	616.5	630.0	124246.00	168618.00
2015/12/21	630.5	644.0	628.0	640.0	236672.00	162980.00
2015/12/22	639.0	641.0	631.5	637.5	142486.00	167804.00
2015/12/23	635.5	638.0	632.5	635.0	90558.00	158906.00
2015/12/24	636.0	638.0	627.0	629.0	136878.00	160964.00
2015/12/25	630.0	633.0	626.5	631.5	88412.00	169202.00
2015/12/28	630.5	632.0	626.5	629.0	86916.00	162768.00
2015/12/29	628.5	643.0	628.5	641.0	144984.00	166406.00
2015/12/30	641.0	657.5	641.0	644.5	207588.00	162470.00
2015/12/31	645.0	650.5	640.5	643.0	162038.00	156766.00
2016/01/04	647.0	652.0	635.0	636.0	106882.00	149632.00
2016/01/05	636.0	641.0	633.5	640.0	98744.00	152678.00
2016/01/06	639.5	640.0	625.0	625.5	160180.00	152148.00
2016/01/07	624.0	629.0	619.0	621.0	142258.00	149948.00
2016/01/08	621.0	627.0	618.0	624.0	132160.00	145246.00
2016/01/11	623.0	629.5	620.5	623.5	109482.00	143044.00
2016/01/12	624.0	625.0	611.0	612.5	169100.00	153188.00
2016/01/13	613.5	619.5	612.5	617.0	159480.00	145798.00
2016/01/14	618.0	622.0	610.0	621.0	178218.00	139142.00
2016/01/15	620.0	631.5	619.5	626.5	200056.00	136044.00
2016/01/18	625.0	640.5	622.5	639.0	227946.00	131530.00
2016/01/19	639.0	643.0	633.5	641.5	158360.00	135166.00
2016/01/20	641.5	642.5	632.0	633.5	159460.00	136990.00
2016/01/21	633.0	640.5	628.0	637.0	161820.00	137592.00
2016/01/22	638.5	652.5	634.0	646.0	302786.00	155858.00
2016/01/25	647.0	654.5	644.0	645.0	182216.00	152242.00
2016/01/26	642.5	649.0	640.5	647.5	146142.00	143602.00
2016/01/27	649.0	654.5	645.0	653.0	160500.00	145500.00
2016/01/28	652.5	653.5	642.5	644.5	127382.00	137668.00
2016/01/29	644.5	647.0	636.5	639.5	144602.00	133174.00
2016/02/01	638.0	650.0	638.0	643.0	137850.00	126914.00
2016/02/02	643.0	645.0	640.5	642.0	64974.00	125022.00
2016/02/03	643.5	645.0	640.5	644.5	56478.00	122074.00
2016/02/04	644.0	652.0	643.5	649.5	126700.00	122090.00
2016/02/05	650.0	650.5	640.0	641.5	72672.00	117536.00
2016/02/15	639.0	648.5	632.0	642.0	93436.00	115164.00
2016/02/16	642.5	658.5	642.5	657.0	238846.00	144696.00
2016/02/17	657.0	661.5	653.0	654.0	193194.00	139100.00
2016/02/18	655.0	658.5	651.0	658.0	107708.00	142978.00
2016/02/19	658.0	670.5	656.0	668.0	210776.00	168930.00
2016/02/22	667.0	690.0	664.0	690.0	314672.00	181182.00
2016/02/23	690.0	701.0	684.5	691.5	304090.00	157624.00
2016/02/24	692.5	710.0	687.5	705.5	456038.00	197072.00
2016/02/25	705.5	707.5	696.5	701.0	339488.00	177254.00
2016/02/26	702.0	705.0	687.5	701.5	369686.00	166806.00
2016/02/29	703.0	712.5	693.0	712.0	405854.00	179826.00
2016/03/01	716.5	717.0	703.5	710.0	390972.00	162558.00
2016/03/02	710.0	711.5	703.5	710.0	280908.00	152874.00
2016/03/03	709.0	717.5	701.5	702.0	307740.00	144026.00
2016/03/04	702.5	707.5	693.0	705.5	382976.00	137780.00
2016/03/07	707.0	729.0	707.0	729.0	331190.00	166042.00
2016/03/08	765.0	765.0	711.0	752.0	921452.00	150940.00
2016/03/09	734.5	737.0	715.5	722.0	706954.00	98602.00
2016/03/10	724.5	752.5	723.0	727.0	597090.00	108084.00
2016/03/11	726.0	743.5	722.5	736.5	361312.00	113760.00
2016/03/14	733.5	765.5	730.5	745.0	844846.00	112806.00
2016/03/15	746.5	762.5	743.0	744.0	610466.00	120974.00
2016/03/16	746.0	755.0	743.5	753.5	320642.00	116854.00
2016/03/17	755.0	770.0	749.0	761.0	361594.00	101982.00
2016/03/18	760.0	786.0	755.5	772.5	663158.00	114834.00
2016/03/21	770.0	789.5	765.0	766.0	493760.00	100774.00
2016/03/22	766.5	771.5	761.0	768.0	279614.00	90074.00
2016/03/23	768.5	786.5	763.5	774.5	482498.00	88554.00
2016/03/24	776.0	779.0	748.5	756.0	417848.00	76746.00
2016/03/25	755.0	768.0	753.0	767.0	214296.00	66508.00
2016/03/28	766.0	788.5	766.0	768.0	302004.00	65452.00
2016/03/29	771.0	782.0	769.5	779.5	155128.00	60522.00
2016/03/30	780.0	783.5	758.0	763.5	136406.00	47326.00
2016/03/31	765.5	770.5	755.0	769.5	98830.00	37766.00
2016/04/01	771.0	786.0	766.5	785.0	99170.00	34938.00
2016/04/05	784.0	791.5	773.5	778.0	41542.00	27836.00
2016/04/06	780.0	780.0	770.0	772.5	31402.00	24848.00
2016/04/07	772.5	798.5	772.5	792.0	52780.00	24762.00
2016/04/08	789.0	795.0	788.0	795.0	26566.00	22228.00
2016/04/11	797.5	813.0	793.5	812.5	37586.00	20332.00
2016/04/12	814.0	838.0	810.5	838.0	35860.00	16914.00
2016/04/13	840.0	853.5	835.0	848.0	47222.00	13606.00
2016/04/14	845.0	850.0	830.0	837.0	15186.00	11878.00
2016/04/15	877.0	877.0	810.5	811.5	14538.00	9342.00
2016/04/18	815.5	863.5	810.0	863.0	16152.00	8418.00
2016/04/19	870.0	890.5	863.5	890.5	15812.00	9034.00
2016/04/20	900.0	937.5	900.0	937.5	12776.00	8746.00
2016/04/21	953.0	999.5	941.5	985.0	9788.00	8062.00
2016/04/22	983.0	1017.0	958.0	1007.5	4694.00	7232.00
2016/04/25	952.0	1046.5	952.0	1046.5	4284.00	6650.00
2016/04/26	1048.0	1060.0	1011.0	1025.0	3466.00	5776.00
2016/04/27	1030.0	1033.5	974.5	994.5	4894.00	5144.00
2016/04/28	994.0	1002.0	966.0	980.0	1722.00	4294.00
2016/04/29	990.0	1041.5	987.5	1027.5	2344.00	3250.00
2016/05/03	962.0	1031.5	962.0	1000.5	154.00	3104.00
2016/05/04	1000.0	1004.5	999.0	1004.5	446.00	2700.00
2016/05/05	1022.0	1026.0	1005.0	1005.0	208.00	2602.00
2016/05/06	1000.0	1020.0	991.5	1004.0	250.00	2452.00
2016/05/09	1010.0	1070.0	996.0	1018.0	602.00	2032.00
2016/05/10	1011.0	1089.5	947.5	1089.5	186.00	1908.00
2016/05/11	1015.0	1067.0	966.5	1005.0	42.00	1918.00
2016/05/12	1000.0	1015.0	957.0	970.0	26.00	1900.00
2016/05/13	950.0	950.0	950.0	950.0	10.00	1900.00
2016/05/16	950.0	1000.0	950.0	1000.0	710.00	0.00
2016/05/17	835.0	896.0	835.0	896.0	44.00	22.00
2016/05/18	903.0	904.0	862.5	864.0	52.00	26.00
2016/05/19	866.0	885.0	866.0	870.5	18.00	26.00
2016/05/20	874.0	884.0	864.5	882.0	140.00	80.00
2016/05/23	890.5	891.0	815.5	828.5	98.00	100.00
2016/05/24	820.0	820.0	795.0	816.0	96.00	124.00
2016/05/25	805.0	810.0	795.0	795.0	50.00	138.00
2016/05/26	809.0	815.0	801.5	815.0	62.00	146.00
2016/05/27	826.0	826.0	791.5	821.5	56.00	138.00
2016/05/30	821.5	827.5	813.5	818.0	36.00	134.00
2016/05/31	828.0	845.0	826.0	826.0	48.00	138.00
2016/06/01	821.0	821.0	818.0	818.0	26.00	148.00
2016/06/02	818.0	831.5	818.0	825.5	10.00	152.00
2016/06/03	831.0	843.5	828.0	843.5	32.00	158.00
2016/06/06	842.0	864.0	842.0	864.0	14.00	162.00
2016/06/07	865.0	869.0	856.0	856.0	34.00	152.00
2016/06/08	858.0	865.5	849.0	862.0	46.00	160.00
2016/06/13	862.0	865.5	845.0	858.5	40.00	166.00
2016/06/14	859.0	862.5	826.5	827.5	58.00	188.00
2016/06/15	824.0	835.0	824.0	826.0	20.00	182.00
2016/06/16	826.0	826.0	826.0	826.0	8.00	182.00
2016/06/17	828.0	828.5	828.0	828.5	4.00	184.00
2016/06/20	846.0	846.0	843.5	843.5	10.00	184.00
2016/06/21	839.0	856.5	835.0	844.0	54.00	178.00
2016/06/22	860.0	865.0	860.0	865.0	16.00	164.00
2016/06/23	862.0	862.0	862.0	862.0	2.00	164.00
2016/06/24	873.5	880.5	848.0	871.0	68.00	134.00
2016/06/27	874.0	916.5	874.0	912.0	136.00	228.00
2016/06/28	906.5	924.0	901.0	920.5	86.00	270.00
2016/06/29	916.5	945.0	914.0	941.5	224.00	294.00
2016/06/30	958.0	992.5	937.0	988.0	272.00	350.00
2016/07/01	997.0	1001.0	964.0	988.5	240.00	368.00
2016/07/04	970.0	1023.5	967.0	1018.0	302.00	410.00
2016/07/05	1021.0	1025.0	977.0	990.0	278.00	384.00
2016/07/06	984.0	1000.0	962.0	976.0	274.00	332.00
2016/07/07	982.0	1003.0	973.0	985.5	106.00	314.00
2016/07/08	987.5	987.5	973.5	987.5	70.00	310.00
2016/07/11	982.5	999.5	977.5	998.0	92.00	346.00
2016/07/12	998.0	1056.0	998.0	1050.0	318.00	440.00
2016/07/13	1047.0	1079.0	1039.0	1057.0	382.00	524.00
2016/07/14	1058.0	1061.5	1036.0	1050.0	138.00	520.00
2016/07/15	1058.5	1064.5	1042.0	1058.5	54.00	512.00
2016/07/18	1062.0	1062.0	980.5	991.0	226.00	594.00
2016/07/19	999.0	1006.5	969.0	977.5	248.00	494.00
2016/07/20	985.0	996.5	983.0	984.0	96.00	500.00
2016/07/21	986.0	1035.0	986.0	1035.0	272.00	624.00
2016/07/22	1035.0	1036.0	995.0	1000.0	314.00	680.00
2016/07/25	1006.0	1029.5	995.0	1018.0	258.00	780.00
2016/07/26	1015.0	1019.5	1002.0	1019.5	188.00	778.00
2016/07/27	1018.5	1043.5	1018.5	1038.0	260.00	834.00
2016/07/28	1035.5	1050.5	1030.0	1041.5	278.00	802.00
2016/07/29	1041.5	1048.5	1031.0	1037.5	186.00	784.00
2016/08/01	1042.0	1092.0	1028.5	1089.5	168.00	828.00
2016/08/02	1074.5	1117.5	1074.5	1113.5	330.00	876.00
2016/08/03	1103.0	1118.5	1099.5	1102.0	210.00	836.00
2016/08/04	1102.0	1112.0	1077.5	1092.5	190.00	838.00
2016/08/05	1092.5	1127.5	1092.5	1127.5	176.00	894.00
2016/08/08	1132.5	1188.0	1121.5	1187.0	338.00	1006.00
2016/08/09	1173.5	1188.0	1136.0	1151.5	638.00	1158.00
2016/08/10	1149.5	1182.0	1144.5	1160.0	304.00	1202.00
2016/08/11	1160.0	1163.5	1118.5	1140.0	464.00	1322.00
2016/08/12	1125.0	1166.0	1125.0	1161.5	354.00	1398.00
2016/08/15	1141.0	1157.5	1113.0	1143.0	570.00	1576.00
2016/08/16	1146.5	1215.5	1140.0	1205.5	1666.00	2274.00
2016/08/17	1206.0	1243.0	1206.0	1212.0	1224.00	2058.00
2016/08/18	1220.0	1240.5	1190.0	1205.0	1002.00	2132.00
2016/08/19	1211.0	1216.5	1189.5	1202.5	686.00	2102.00
2016/08/22	1207.0	1247.5	1207.0	1231.0	726.00	2222.00
2016/08/23	1242.0	1250.0	1222.5	1248.0	642.00	2284.00
2016/08/24	1247.0	1258.0	1235.0	1244.5	726.00	2104.00
2016/08/25	1248.5	1257.0	1184.5	1209.5	2486.00	3376.00
2016/08/26	1211.5	1213.5	1186.0	1189.0	1128.00	3246.00
2016/08/29	1188.0	1191.5	1154.0	1185.0	1082.00	3330.00
2016/08/30	1180.0	1193.5	1176.0	1188.0	1148.00	3540.00
2016/08/31	1182.5	1205.5	1138.0	1140.5	2810.00	4106.00
2016/09/01	1141.0	1162.0	1127.5	1159.0	2170.00	4248.00
2016/09/02	1159.0	1198.0	1143.0	1179.5	1120.00	4184.00
2016/09/05	1187.5	1252.0	1183.0	1246.5	4598.00	5032.00
2016/09/06	1247.0	1254.5	1233.5	1243.5	1912.00	4650.00
2016/09/07	1243.0	1243.0	1160.5	1160.5	3416.00	5374.00
2016/09/08	1160.5	1187.0	1156.5	1171.0	2484.00	4914.00
2016/09/09	1162.0	1173.0	1123.0	1145.5	3360.00	5926.00
2016/09/12	1160.0	1164.0	1104.0	1105.0	3914.00	6466.00
2016/09/13	1105.0	1133.0	1077.5	1101.0	3414.00	6144.00
2016/09/14	1103.0	1109.0	1084.5	1098.0	2174.00	6736.00
2016/09/19	1109.0	1121.5	1078.5	1113.5	1738.00	6604.00
2016/09/20	1116.5	1156.0	1114.0	1145.5	2832.00	6682.00
2016/09/21	1138.5	1186.5	1126.5	1174.0	3134.00	7154.00
2016/09/22	1174.0	1216.0	1163.5	1164.0	5208.00	7026.00
2016/09/23	1171.0	1194.5	1166.0	1194.0	2882.00	6636.00
2016/09/26	1186.0	1216.5	1180.5	1199.5	3108.00	7274.00
2016/09/27	1190.0	1216.0	1162.0	1180.0	4146.00	7988.00
2016/09/28	1180.0	1184.5	1161.5	1180.5	2230.00	7518.00
2016/09/29	1180.0	1225.0	1180.0	1199.0	6190.00	8988.00
2016/09/30	1198.0	1214.5	1182.0	1214.0	3284.00	8926.00
2016/10/10	1226.0	1235.5	1185.0	1202.0	4342.00	10662.00
2016/10/11	1205.0	1224.0	1196.0	1223.0	6648.00	12334.00
2016/10/12	1223.0	1243.0	1210.0	1240.0	5682.00	13742.00
2016/10/13	1243.0	1309.5	1235.0	1298.0	13924.00	18668.00
2016/10/14	1301.0	1371.0	1278.5	1353.0	19036.00	20770.00
2016/10/17	1355.0	1395.0	1346.0	1372.5	16064.00	22254.00
2016/10/18	1375.0	1379.5	1326.5	1356.5	18796.00	23096.00
2016/10/19	1365.0	1420.0	1357.0	1392.0	22974.00	25562.00
2016/10/20	1389.0	1454.0	1380.5	1421.5	24614.00	27750.00
2016/10/21	1415.0	1430.0	1362.0	1405.5	29312.00	27994.00
2016/10/24	1405.0	1440.0	1381.0	1433.5	25472.00	31090.00
2016/10/25	1430.0	1505.0	1425.0	1505.0	26150.00	31844.00
2016/10/26	1505.5	1547.0	1467.0	1495.0	31006.00	35694.00
2016/10/27	1494.0	1539.5	1465.0	1487.0	30632.00	37314.00
2016/10/28	1482.5	1560.0	1477.5	1559.5	21282.00	37644.00
2016/10/31	1560.0	1618.0	1535.0	1616.5	36144.00	46862.00
2016/11/01	1608.0	1616.5	1567.0	1600.5	37892.00	50394.00
2016/11/02	1599.0	1662.0	1599.0	1608.0	36060.00	51628.00
2016/11/03	1607.5	1648.0	1592.5	1634.5	22188.00	48714.00
2016/11/04	1636.0	1732.5	1632.5	1710.5	47896.00	56966.00
2016/11/07	1719.0	1804.0	1706.0	1795.5	51902.00	57054.00
2016/11/08	1790.0	1829.0	1691.0	1740.5	70074.00	60582.00
2016/11/09	1736.5	1920.0	1720.0	1910.0	61586.00	57172.00
2016/11/10	1900.0	1959.0	1807.5	1871.5	50116.00	57620.00
2016/11/11	1870.0	1932.0	1850.0	1920.0	34112.00	51540.00
2016/11/14	1923.0	2044.5	1856.0	1932.5	49734.00	58558.00
2016/11/15	1925.0	1958.5	1756.0	1756.0	43130.00	55980.00
2016/11/16	1760.0	1821.5	1712.0	1792.0	50920.00	61528.00
2016/11/17	1796.0	1838.0	1735.5	1780.5	35272.00	60080.00
2016/11/18	1780.0	1808.5	1681.5	1712.0	45454.00	66534.00
2016/11/21	1710.0	1721.5	1610.0	1671.0	65424.00	70030.00
2016/11/22	1677.5	1815.0	1672.5	1795.0	87802.00	76364.00
2016/11/23	1783.0	1800.0	1731.0	1779.0	52236.00	74990.00
2016/11/24	1780.0	1917.5	1705.0	1859.0	110368.00	79042.00
2016/11/25	1859.0	1982.0	1851.0	1966.0	85342.00	82202.00
2016/11/28	1980.0	2085.0	1938.5	2048.5	103864.00	93400.00
2016/11/29	2055.0	2055.0	1833.5	1837.0	134740.00	93858.00
2016/11/30	1830.0	1854.0	1774.0	1775.0	117484.00	93450.00
2016/12/01	1799.0	1867.5	1746.0	1782.0	170572.00	112220.00
2016/12/02	1790.0	1805.0	1676.0	1728.0	201848.00	122736.00
2016/12/05	1727.0	1797.0	1683.0	1765.5	158576.00	113986.00
2016/12/06	1771.0	1792.0	1719.0	1747.5	120454.00	112432.00
2016/12/07	1752.0	1889.5	1736.0	1870.0	170892.00	124642.00
2016/12/08	1872.0	1890.0	1800.0	1826.0	120136.00	109738.00
2016/12/09	1831.0	1850.0	1721.5	1763.0	160422.00	122234.00
2016/12/12	1740.0	1864.5	1720.0	1735.5	177970.00	125826.00
2016/12/13	1735.5	1764.0	1705.0	1761.5	120394.00	126340.00
2016/12/14	1766.0	1785.0	1692.0	1753.5	138394.00	133312.00
2016/12/15	1749.0	1819.0	1720.5	1789.5	146268.00	127606.00
2016/12/16	1772.0	1786.0	1749.0	1749.5	84744.00	113822.00
2016/12/19	1730.0	1800.0	1712.0	1755.5	123614.00	125122.00
2016/12/20	1747.5	1790.0	1731.5	1779.5	115942.00	118552.00
2016/12/21	1780.0	1794.0	1740.5	1771.0	89372.00	116372.00
2016/12/22	1771.0	1773.0	1651.0	1653.0	141774.00	140714.00
2016/12/23	1644.0	1678.5	1625.0	1646.0	132300.00	139088.00
2016/12/26	1646.0	1667.0	1504.0	1554.0	164668.00	148978.00
2016/12/27	1554.0	1565.0	1495.0	1547.0	132920.00	137874.00
2016/12/28	1547.0	1638.5	1528.5	1545.0	159914.00	142548.00
2016/12/29	1550.0	1561.0	1515.0	1539.5	117950.00	140142.00
2016/12/30	1537.5	1555.0	1517.0	1518.0	105280.00	137406.00
2017/01/03	1519.0	1595.0	1476.0	1480.5	97848.00	143064.00
2017/01/04	1488.0	1505.5	1442.0	1495.0	130410.00	145968.00
2017/01/05	1493.0	1527.0	1485.0	1506.5	89294.00	132964.00
2017/01/06	1501.0	1568.0	1486.0	1532.0	123202.00	134196.00
2017/01/09	1540.0	1589.5	1512.0	1589.0	103720.00	123670.00
2017/01/10	1594.5	1687.0	1573.5	1687.0	149404.00	135856.00
2017/01/11	1690.0	1700.0	1650.0	1667.0	107858.00	126688.00
2017/01/12	1657.0	1718.0	1647.5	1690.0	114620.00	134924.00
2017/01/13	1700.0	1726.0	1683.5	1699.5	94340.00	123474.00
2017/01/16	1699.5	1855.0	1691.5	1826.0	147882.00	136266.00
2017/01/17	1820.0	1828.0	1630.0	1662.0	169244.00	123528.00
2017/01/18	1666.5	1719.0	1642.0	1676.5	114704.00	114382.00
2017/01/19	1673.0	1711.0	1635.0	1677.5	117898.00	115692.00
2017/01/20	1676.0	1698.0	1610.0	1611.0	94322.00	104352.00
2017/01/23	1611.0	1620.0	1563.0	1590.0	96892.00	107068.00
2017/01/24	1570.0	1698.0	1570.0	1648.0	113536.00	107860.00
2017/01/25	1663.0	1664.5	1603.0	1622.5	88590.00	103194.00
2017/01/26	1610.0	1700.0	1610.0	1699.5	93228.00	97630.00
2017/02/03	1680.0	1695.5	1570.0	1579.0	87230.00	100508.00
2017/02/06	1569.0	1599.0	1528.0	1528.5	89310.00	108712.00
2017/02/07	1527.0	1586.0	1522.0	1565.0	77998.00	105186.00
2017/02/08	1558.0	1596.0	1548.0	1570.0	87750.00	114998.00
2017/02/09	1570.0	1588.0	1528.0	1533.0	92834.00	124648.00
2017/02/10	1530.0	1633.5	1516.0	1586.5	176604.00	136556.00
2017/02/13	1588.5	1678.5	1582.5	1662.5	140968.00	129542.00
2017/02/14	1670.0	1699.5	1647.5	1680.0	111810.00	129068.00
2017/02/15	1681.0	1687.0	1623.0	1655.5	118218.00	125114.00
2017/02/16	1654.5	1745.5	1642.0	1650.5	174860.00	135440.00
2017/02/17	1651.0	1715.0	1642.0	1694.5	115456.00	126612.00
