2012/06/18	6150	6150	6150	6150	2.00	2.00
2012/06/19	6150	6160	6150	6160	74.00	76.00
2012/06/20	6128	6128	6100	6126	8.00	78.00
2012/06/25	5855	5858	5833	5833	20.00	78.00
2012/06/27	5881	5888	5855	5855	24.00	84.00
2012/06/28	5871	5871	5871	5871	2.00	82.00
2012/06/29	5764	5877	5764	5877	22.00	92.00
2012/07/02	5938	5938	5919	5920	12.00	100.00
2012/07/03	5972	6042	5972	6030	24.00	104.00
2012/07/04	6088	6093	6082	6086	100.00	198.00
2012/07/05	6086	6099	6022	6096	14.00	198.00
2012/07/06	6059	6059	5969	6010	26.00	194.00
2012/07/09	5921	5937	5920	5921	28.00	194.00
2012/07/10	5938	5938	5915	5915	4.00	190.00
2012/07/11	5856	5856	5856	5856	2.00	188.00
2012/07/12	5862	5862	5862	5862	2.00	188.00
2012/07/13	5931	5931	5931	5931	6.00	188.00
2012/07/16	5931	5949	5926	5949	38.00	188.00
2012/07/17	5955	5955	5948	5948	10.00	188.00
2012/07/18	5905	5905	5905	5905	2.00	188.00
2012/07/20	5900	5900	5869	5869	4.00	190.00
2012/07/23	5923	5923	5851	5851	4.00	188.00
2012/07/24	5888	5888	5888	5888	8.00	180.00
2012/07/25	5853	5855	5849	5849	90.00	156.00
2012/07/26	5917	5955	5912	5950	18.00	148.00
2012/07/27	5950	5985	5940	5985	8.00	150.00
2012/07/30	5988	5988	5988	5988	2.00	150.00
2012/07/31	6060	6100	6060	6073	10.00	154.00
2012/08/01	6060	6060	6060	6060	2.00	156.00
2012/08/03	5919	5919	5909	5909	10.00	158.00
2012/08/06	6093	6093	6023	6023	36.00	174.00
2012/08/07	6054	6054	6042	6042	8.00	176.00
2012/08/08	6059	6072	6031	6031	28.00	190.00
2012/08/09	6068	6068	6061	6061	4.00	190.00
2012/08/10	6068	6069	6048	6061	12.00	192.00
2012/08/13	6094	6094	6071	6071	16.00	194.00
2012/08/14	6034	6039	6025	6031	22.00	192.00
2012/08/15	6031	6037	6020	6020	18.00	202.00
2012/08/16	6042	6042	6026	6039	30.00	198.00
2012/08/17	6090	6100	6065	6100	20.00	194.00
2012/08/20	6090	6090	6090	6090	2.00	192.00
2012/08/21	6190	6225	6190	6203	10.00	200.00
2012/08/22	6304	6320	6302	6320	16.00	212.00
2012/08/23	6460	6638	6410	6616	120.00	250.00
2012/08/24	6236	6603	6236	6592	32.00	250.00
2012/08/27	6660	6788	6660	6759	224.00	398.00
2012/08/28	6759	6759	6640	6677	38.00	392.00
2012/08/29	6676	6743	6674	6743	40.00	390.00
2012/08/30	6675	6714	6666	6701	54.00	392.00
2012/08/31	6606	6639	6606	6633	56.00	392.00
2012/09/03	6997	6997	6927	6965	108.00	420.00
2012/09/04	7050	7050	6990	7030	110.00	448.00
2012/09/05	7000	7042	6983	7011	118.00	478.00
2012/09/06	7042	7170	7022	7151	188.00	558.00
2012/09/07	7110	7111	6971	7019	232.00	560.00
2012/09/10	7250	7420	7250	7363	244.00	562.00
2012/09/11	7310	7350	7280	7348	118.00	580.00
2012/09/12	7350	7360	7335	7335	44.00	580.00
2012/09/13	7251	7269	7226	7226	140.00	608.00
2012/09/14	7696	7696	7537	7550	244.00	630.00
2012/09/17	7557	7567	7482	7482	144.00	642.00
2012/09/18	7419	7429	7381	7418	192.00	648.00
2012/09/19	7468	7571	7438	7564	208.00	650.00
2012/09/20	7530	7545	7400	7431	546.00	452.00
2012/09/21	7518	7556	7493	7545	220.00	522.00
2012/09/24	7401	7401	7234	7307	270.00	480.00
2012/09/25	7335	7335	7290	7315	78.00	490.00
2012/09/26	7310	7337	7299	7311	136.00	528.00
2012/09/27	7348	7381	7325	7373	180.00	492.00
2012/09/28	7488	7580	7460	7542	202.00	474.00
2012/10/08	7383	7383	7215	7277	272.00	486.00
2012/10/09	7313	7314	7267	7267	386.00	606.00
2012/10/10	7275	7275	7200	7239	198.00	658.00
2012/10/11	7215	7294	7214	7267	188.00	672.00
2012/10/12	7264	7287	7232	7241	160.00	690.00
2012/10/15	7100	7100	7023	7042	320.00	692.00
2012/10/16	7000	7068	6992	7068	294.00	794.00
2012/10/17	7096	7097	7036	7058	444.00	934.00
2012/10/18	7062	7101	7037	7066	220.00	936.00
2012/10/19	7006	7041	6962	6973	258.00	986.00
2012/10/22	6898	6930	6888	6923	738.00	1212.00
2012/10/23	6932	6945	6893	6905	268.00	1198.00
2012/10/24	6878	6941	6878	6933	728.00	1164.00
2012/10/25	6927	7009	6917	6988	346.00	1104.00
2012/10/26	6995	7016	6848	6896	522.00	1114.00
2012/10/29	6946	6970	6906	6911	310.00	1082.00
2012/10/30	6911	6913	6863	6912	230.00	1136.00
2012/10/31	6897	6934	6884	6929	544.00	1304.00
2012/11/01	6929	7065	6929	7060	686.00	1510.00
2012/11/02	7012	7022	6880	6909	958.00	1714.00
2012/11/05	6750	6773	6657	6700	1568.00	2156.00
2012/11/06	6717	6739	6704	6735	1208.00	2248.00
2012/11/07	6850	6947	6813	6932	2502.00	2894.00
2012/11/08	6823	6891	6822	6850	2514.00	3438.00
2012/11/09	6940	6983	6913	6951	1730.00	4040.00
2012/11/12	7000	7020	6936	7000	2558.00	4622.00
2012/11/13	6912	6920	6864	6915	2320.00	5474.00
2012/11/14	6970	7018	6959	7018	3414.00	6790.00
2012/11/15	7015	7015	6963	6981	2162.00	7240.00
2012/11/16	6981	6999	6912	6929	3082.00	7552.00
2012/11/19	6958	7005	6958	6994	3402.00	8738.00
2012/11/20	7071	7147	7065	7130	19936.00	20890.00
2012/11/21	7135	7135	7062	7089	13932.00	23752.00
2012/11/22	7170	7190	7132	7137	10478.00	25350.00
2012/11/23	7138	7195	7112	7188	12894.00	28508.00
2012/11/26	7278	7310	7253	7291	27482.00	38088.00
2012/11/27	7320	7341	7269	7275	28704.00	41024.00
2012/11/28	7254	7259	7178	7206	29018.00	40940.00
2012/11/29	7170	7181	6951	7114	47510.00	42446.00
2012/11/30	7221	7250	7165	7199	48408.00	55028.00
2012/12/03	7087	7092	6988	7024	74942.00	58392.00
2012/12/04	7002	7002	6887	6915	87778.00	68516.00
2012/12/05	6857	6954	6853	6945	77888.00	73444.00
2012/12/06	6915	6921	6841	6861	93392.00	77850.00
2012/12/07	6920	6954	6903	6927	76588.00	77464.00
2012/12/10	6949	7014	6949	6995	86808.00	93782.00
2012/12/11	6965	6969	6913	6944	90906.00	92740.00
2012/12/12	6912	6975	6910	6966	111536.00	102760.00
2012/12/13	6972	6972	6825	6840	226532.00	122914.00
2012/12/14	6785	6870	6776	6832	211004.00	124322.00
2012/12/17	6780	6841	6732	6780	268600.00	135466.00
2012/12/18	6805	6881	6804	6876	295492.00	159292.00
2012/12/19	6744	6750	6692	6709	246968.00	147928.00
2012/12/20	6609	6629	6563	6604	233014.00	153478.00
2012/12/21	6388	6393	6308	6334	345726.00	184338.00
2012/12/24	6350	6418	6335	6402	262286.00	188300.00
2012/12/25	6350	6380	6302	6317	244092.00	194784.00
2012/12/26	6335	6355	6313	6328	210832.00	199664.00
2012/12/27	6331	6396	6318	6359	277830.00	206302.00
2012/12/28	6393	6443	6392	6417	229654.00	200774.00
2012/12/31	6438	6458	6381	6427	208232.00	201872.00
2013/01/04	6306	6307	6193	6226	258306.00	214758.00
2013/01/07	6330	6433	6321	6392	288146.00	206106.00
2013/01/08	6418	6420	6358	6371	195804.00	207996.00
2013/01/09	6416	6438	6402	6429	174856.00	204540.00
2013/01/10	6398	6427	6378	6425	142480.00	206606.00
2013/01/11	6490	6515	6458	6469	208212.00	207524.00
2013/01/14	6419	6492	6409	6479	173020.00	219970.00
2013/01/15	6555	6592	6506	6545	264790.00	222448.00
2013/01/16	6630	6632	6585	6599	178166.00	214850.00
2013/01/17	6612	6612	6555	6580	150812.00	205140.00
2013/01/18	6632	6665	6619	6663	183112.00	208860.00
2013/01/21	6681	6698	6648	6651	151058.00	204884.00
2013/01/22	6675	6707	6665	6694	145342.00	203428.00
2013/01/23	6710	6715	6675	6686	93064.00	199808.00
2013/01/24	6623	6655	6588	6602	159904.00	193888.00
2013/01/25	6538	6582	6534	6573	122532.00	189640.00
2013/01/28	6503	6515	6483	6503	106206.00	189740.00
2013/01/29	6480	6518	6466	6516	134520.00	192032.00
2013/01/30	6530	6550	6530	6538	105238.00	194098.00
2013/01/31	6632	6669	6625	6666	119448.00	190944.00
2013/02/01	6560	6562	6530	6556	136754.00	201918.00
2013/02/04	6598	6633	6581	6607	142104.00	204394.00
2013/02/05	6594	6626	6583	6618	119484.00	200330.00
2013/02/06	6619	6622	6585	6597	88676.00	201450.00
2013/02/07	6611	6633	6596	6602	106976.00	195180.00
2013/02/08	6530	6570	6500	6552	98408.00	195676.00
2013/02/18	6289	6294	6242	6270	136064.00	210238.00
2013/02/19	6267	6288	6260	6275	93268.00	220772.00
2013/02/20	6203	6222	6180	6207	167676.00	255642.00
2013/02/21	6088	6088	5952	5992	260814.00	265654.00
2013/02/22	6026	6056	6018	6046	148990.00	257060.00
2013/02/25	6019	6074	6000	6044	160606.00	254796.00
2013/02/26	6075	6108	6036	6045	160482.00	254654.00
2013/02/27	6140	6142	6096	6112	140766.00	246488.00
2013/02/28	6086	6096	6075	6080	104102.00	247858.00
2013/03/01	5999	6016	5964	5992	134078.00	256610.00
2013/03/04	6045	6050	6003	6028	120306.00	253010.00
2013/03/05	6024	6094	6015	6089	147038.00	266720.00
2013/03/06	6045	6093	6045	6062	158216.00	269176.00
2013/03/07	6098	6100	6058	6074	134436.00	256576.00
2013/03/08	6063	6070	6025	6044	131012.00	264348.00
2013/03/11	6070	6096	6058	6090	132830.00	252768.00
2013/03/12	6081	6086	6045	6045	96506.00	250538.00
2013/03/13	6100	6100	6071	6085	131258.00	254510.00
2013/03/14	6049	6049	5940	6014	198510.00	238228.00
2013/03/15	6014	6041	5991	6030	136176.00	245058.00
2013/03/18	6039	6040	5933	5979	218586.00	245904.00
2013/03/19	6010	6021	5990	6020	104700.00	233230.00
2013/03/20	6013	6028	5985	6019	102868.00	235130.00
2013/03/21	5980	6026	5971	6016	127120.00	243874.00
2013/03/22	6057	6060	6032	6044	115434.00	232204.00
2013/03/25	5970	6012	5964	5984	113320.00	245632.00
2013/03/26	5985	5997	5962	5971	105996.00	237556.00
2013/03/27	5983	5987	5836	5842	319702.00	299622.00
2013/03/28	5917	5962	5908	5932	250694.00	230978.00
2013/03/29	5850	5870	5791	5832	176690.00	240292.00
2013/04/01	5831	5838	5730	5737	201872.00	245178.00
2013/04/02	5781	5795	5741	5764	172648.00	236768.00
2013/04/03	5610	5611	5538	5547	261454.00	246532.00
2013/04/08	5619	5640	5591	5627	176572.00	227208.00
2013/04/09	5610	5665	5609	5661	162138.00	228744.00
2013/04/10	5752	5765	5730	5765	151478.00	226972.00
2013/04/11	5664	5690	5644	5659	158282.00	219680.00
2013/04/12	5690	5690	5662	5672	100244.00	215596.00
2013/04/15	5334	5334	5334	5334	14618.00	210542.00
2013/04/16	4853	4853	4853	4853	56066.00	193570.00
2013/04/17	4840	4883	4725	4764	612936.00	183914.00
2013/04/18	4672	4746	4526	4710	659300.00	172780.00
2013/04/19	4702	4842	4686	4788	477892.00	158322.00
2013/04/22	4770	4798	4724	4735	304622.00	165912.00
2013/04/23	4735	4759	4551	4587	528696.00	189518.00
2013/04/24	4618	4722	4579	4690	496746.00	162964.00
2013/04/25	4693	4743	4664	4693	363126.00	143814.00
2013/04/26	4943	5030	4873	4885	406698.00	124786.00
2013/05/02	4735	4763	4682	4742	213340.00	117446.00
2013/05/03	4760	4856	4749	4854	232054.00	119630.00
2013/05/06	4890	4964	4820	4845	173466.00	114024.00
2013/05/07	4813	4826	4705	4716	227160.00	106226.00
2013/05/08	4759	4803	4732	4787	138318.00	90268.00
2013/05/09	4770	4847	4768	4816	115016.00	85538.00
2013/05/10	4766	4809	4720	4809	67776.00	82702.00
2013/05/13	4777	4801	4735	4740	85336.00	80296.00
2013/05/14	4764	4784	4741	4741	57060.00	74416.00
2013/05/15	4701	4715	4615	4620	67546.00	71586.00
2013/05/16	4578	4605	4551	4573	56148.00	69780.00
2013/05/17	4591	4603	4548	4549	45662.00	68250.00
2013/05/20	4383	4453	4300	4344	78018.00	61670.00
2013/05/21	4567	4605	4500	4566	60770.00	54570.00
2013/05/22	4553	4571	4512	4557	32900.00	53558.00
2013/05/23	4480	4490	4430	4487	37366.00	50916.00
2013/05/24	4506	4540	4478	4515	28966.00	49438.00
2013/05/27	4490	4556	4462	4545	22748.00	46618.00
2013/05/28	4510	4548	4510	4519	16478.00	43540.00
2013/05/29	4525	4525	4461	4461	27846.00	40412.00
2013/05/30	4485	4549	4482	4536	24706.00	35274.00
2013/05/31	4543	4575	4543	4561	19962.00	31622.00
2013/06/03	4508	4519	4292	4505	6722.00	29916.00
2013/06/04	4556	4565	4519	4519	6344.00	29324.00
2013/06/05	4518	4530	4491	4513	4832.00	27760.00
2013/06/06	4499	4505	4472	4475	6340.00	25788.00
2013/06/07	4528	4544	4507	4523	6244.00	23740.00
2013/06/13	4295	4399	4295	4385	2588.00	22592.00
2013/06/14	4370	4370	4352	4370	2260.00	22460.00
2013/06/17	4372	4400	4372	4399	2840.00	22196.00
2013/06/18	4643	4643	4556	4575	44.00	22.00
2013/06/19	4569	4569	4527	4560	126.00	68.00
2013/06/20	4450	4496	4390	4399	320.00	172.00
2013/06/21	4182	4209	4182	4195	616.00	378.00
2013/06/24	4222	4236	4096	4109	322.00	398.00
2013/06/25	4135	4148	4096	4139	200.00	428.00
2013/06/26	4105	4108	3909	3955	692.00	554.00
2013/06/27	3933	3980	3903	3939	374.00	618.00
2013/06/28	3867	3968	3817	3943	402.00	624.00
2013/07/01	4040	4136	4032	4136	608.00	588.00
2013/07/02	4116	4148	4089	4137	230.00	600.00
2013/07/03	4116	4120	4083	4110	200.00	652.00
2013/07/04	4114	4140	4114	4114	86.00	654.00
2013/07/05	4105	4105	4001	4033	316.00	746.00
2013/07/08	3972	3975	3928	3935	528.00	754.00
2013/07/09	3983	4084	3978	4048	468.00	614.00
2013/07/10	4051	4051	3973	4010	190.00	618.00
2013/07/11	4025	4244	3997	4182	482.00	518.00
2013/07/12	4192	4217	4134	4140	230.00	510.00
2013/07/15	4137	4207	4136	4160	178.00	536.00
2013/07/16	4147	4158	4122	4136	110.00	564.00
2013/07/17	4163	4180	4142	4156	268.00	580.00
2013/07/18	4185	4193	4014	4039	692.00	846.00
2013/07/19	4065	4084	4012	4035	384.00	820.00
2013/07/22	4051	4167	4041	4152	720.00	842.00
2013/07/23	4209	4228	4179	4184	550.00	862.00
2013/07/24	4166	4201	4166	4200	238.00	910.00
2013/07/25	4170	4173	4119	4126	2062.00	1966.00
2013/07/26	4141	4149	4100	4119	1278.00	2384.00
2013/07/29	4075	4079	4018	4020	886.00	2330.00
2013/07/30	4065	4065	4025	4026	752.00	2060.00
2013/07/31	4033	4088	4024	4066	706.00	1922.00
2013/08/01	4049	4086	4006	4022	1820.00	1522.00
2013/08/02	4058	4058	3958	3973	914.00	1608.00
2013/08/05	4087	4106	4049	4071	768.00	1548.00
2013/08/06	4012	4042	4008	4025	374.00	1580.00
2013/08/07	4020	4023	3975	3993	532.00	1670.00
2013/08/08	3987	4076	3984	4048	528.00	1834.00
2013/08/09	4080	4150	4060	4110	1156.00	2242.00
2013/08/12	4107	4336	4107	4329	1232.00	2152.00
2013/08/13	4336	4444	4319	4419	1362.00	2608.00
2013/08/14	4430	4442	4366	4372	860.00	2674.00
2013/08/15	4435	4530	4391	4497	894.00	2766.00
2013/08/16	4449	4747	4444	4694	2926.00	2512.00
2013/08/19	4707	4824	4691	4729	2082.00	2168.00
2013/08/20	4710	4743	4537	4605	1666.00	2232.00
2013/08/21	4658	4724	4635	4670	1038.00	2176.00
2013/08/22	4660	4698	4600	4660	1330.00	2244.00
2013/08/23	4715	4731	4660	4713	1152.00	2170.00
2013/08/26	4708	4970	4698	4966	1214.00	2406.00
2013/08/27	4959	5028	4899	4966	4446.00	3604.00
2013/08/28	5030	5149	5010	5102	5448.00	4910.00
2013/08/29	5102	5119	4790	4898	6068.00	4178.00
2013/08/30	4917	4917	4793	4817	1454.00	4152.00
2013/09/02	4776	4986	4739	4963	1710.00	4326.00
2013/09/03	4968	4972	4904	4940	1210.00	4376.00
2013/09/04	5008	5017	4848	4891	4156.00	5998.00
2013/09/05	4799	4838	4731	4760	1610.00	5852.00
2013/09/06	4774	4777	4713	4768	976.00	5810.00
2013/09/09	4850	4887	4830	4866	1382.00	5904.00
2013/09/10	4842	4868	4752	4779	878.00	5876.00
2013/09/11	4734	4756	4659	4729	2092.00	5968.00
2013/09/12	4719	4739	4651	4657	872.00	5956.00
2013/09/13	4552	4552	4449	4470	3450.00	5894.00
2013/09/16	4500	4567	4450	4473	2170.00	5932.00
2013/09/17	4473	4536	4472	4511	1168.00	5828.00
2013/09/18	4491	4501	4397	4467	1904.00	5956.00
2013/09/23	4435	4488	4359	4458	2514.00	6154.00
2013/09/24	4453	4520	4447	4454	2144.00	6286.00
2013/09/25	4398	4492	4372	4470	1468.00	6208.00
2013/09/26	4453	4501	4445	4466	1658.00	6232.00
2013/09/27	4486	4493	4422	4422	1476.00	5898.00
2013/09/30	4475	4477	4429	4456	1680.00	6082.00
2013/10/08	4518	4582	4518	4573	2074.00	6360.00
2013/10/09	4574	4586	4545	4558	4626.00	8774.00
2013/10/10	4488	4510	4474	4487	3420.00	8568.00
2013/10/11	4493	4498	4405	4413	3636.00	9088.00
2013/10/14	4360	4394	4333	4380	6374.00	10768.00
2013/10/15	4410	4410	4312	4331	5258.00	11496.00
2013/10/16	4300	4380	4300	4377	5450.00	12236.00
2013/10/17	4368	4425	4329	4331	7464.00	12686.00
2013/10/18	4453	4474	4425	4474	7308.00	12982.00
2013/10/21	4487	4549	4455	4535	7090.00	14510.00
2013/10/22	4521	4555	4500	4519	6878.00	15960.00
2013/10/23	4565	4639	4558	4610	11810.00	17908.00
2013/10/24	4630	4630	4588	4626	9422.00	18068.00
2013/10/25	4607	4634	4540	4553	10008.00	18268.00
2013/10/28	4541	4594	4523	4566	11100.00	18012.00
2013/10/29	4567	4585	4556	4580	10622.00	19070.00
2013/10/30	4569	4614	4542	4606	8924.00	20676.00
2013/10/31	4650	4675	4490	4503	50834.00	49038.00
2013/11/01	4420	4458	4407	4439	41740.00	60416.00
2013/11/04	4435	4442	4404	4406	31640.00	58514.00
2013/11/05	4427	4440	4398	4427	48132.00	43196.00
2013/11/06	4428	4438	4412	4438	24754.00	42666.00
2013/11/07	4465	4469	4425	4459	29204.00	44762.00
2013/11/08	4472	4480	4370	4432	39786.00	46476.00
2013/11/11	4428	4464	4365	4373	50440.00	49084.00
2013/11/12	4370	4380	4316	4350	43480.00	54506.00
2013/11/13	4345	4362	4249	4271	70232.00	67818.00
2013/11/14	4280	4325	4243	4302	73266.00	73776.00
2013/11/15	4289	4316	4278	4278	72712.00	84462.00
2013/11/18	4284	4290	4252	4269	66892.00	96644.00
2013/11/19	4254	4257	4171	4192	118724.00	120522.00
2013/11/20	4210	4246	4202	4244	109822.00	136254.00
2013/11/21	4218	4227	4131	4150	216364.00	157562.00
2013/11/22	4156	4177	4137	4157	147360.00	156470.00
2013/11/25	4160	4171	4098	4103	191064.00	186678.00
2013/11/26	4114	4202	4099	4190	352746.00	198586.00
2013/11/27	4172	4183	4149	4169	406552.00	228204.00
2013/11/28	4173	4185	4126	4150	799684.00	298750.00
2013/11/29	4152	4162	4132	4147	616656.00	341668.00
2013/12/02	4200	4200	4150	4170	935634.00	376868.00
2013/12/03	4146	4151	4061	4078	1435238.00	465478.00
2013/12/04	4074	4079	4043	4063	1531380.00	493428.00
2013/12/05	4082	4150	4063	4114	2001458.00	478288.00
2013/12/06	4095	4143	4075	4122	2343196.00	511952.00
2013/12/09	4116	4181	4083	4152	3018118.00	562338.00
2013/12/10	4153	4236	4152	4232	2048834.00	613734.00
2013/12/11	4251	4294	4248	4276	2453760.00	597932.00
2013/12/12	4267	4310	4263	4281	2052732.00	606276.00
2013/12/13	4193	4203	4084	4102	3156432.00	598110.00
2013/12/16	4118	4144	4104	4116	2245612.00	594870.00
2013/12/17	4128	4272	4126	4219	4046964.00	594490.00
2013/12/18	4196	4247	4152	4205	3755048.00	618996.00
2013/12/19	4201	4234	4095	4138	3439356.00	651792.00
2013/12/20	4080	4092	4046	4059	2712018.00	672522.00
2013/12/23	4065	4130	4055	4101	2783272.00	702166.00
2013/12/24	4114	4125	4065	4076	1930942.00	699852.00
2013/12/25	4084	4113	4070	4102	1564986.00	652948.00
2013/12/26	4106	4115	4082	4099	1179044.00	649654.00
2013/12/27	4104	4202	4101	4196	2904058.00	676200.00
2013/12/30	4184	4233	4149	4159	2886732.00	648554.00
2013/12/31	4140	4174	4079	4099	2712884.00	625272.00
2014/01/02	4118	4226	4117	4213	1602996.00	668218.00
2014/01/03	4196	4238	4175	4213	2761576.00	625652.00
2014/01/06	4215	4250	4181	4194	2672588.00	601888.00
2014/01/07	4181	4225	4171	4193	2765338.00	607500.00
2014/01/08	4170	4187	4080	4088	3285602.00	640120.00
2014/01/09	4100	4117	4010	4050	3737784.00	622260.00
2014/01/10	4062	4117	4026	4084	3293378.00	589882.00
2014/01/13	4098	4203	4054	4144	4218540.00	603216.00
2014/01/14	4135	4205	4096	4178	3671768.00	603400.00
2014/01/15	4167	4212	4125	4142	3981698.00	591432.00
2014/01/16	4118	4164	4107	4139	3026456.00	581086.00
2014/01/17	4125	4163	4120	4143	2169836.00	573502.00
2014/01/20	4151	4188	4146	4178	2118776.00	583554.00
2014/01/21	4185	4193	4142	4152	1309466.00	569326.00
2014/01/22	4102	4115	4071	4090	2258252.00	559418.00
2014/01/23	4099	4106	4051	4073	1559286.00	576600.00
2014/01/24	4123	4155	4112	4124	2530326.00	523948.00
2014/01/27	4159	4164	4079	4102	2117330.00	538122.00
2014/01/28	4100	4115	4077	4102	1812776.00	515202.00
2014/01/29	4101	4103	4064	4085	1319710.00	489422.00
2014/01/30	4098	4112	4040	4061	1210638.00	455972.00
2014/02/07	4130	4131	4078	4096	412980.00	414250.00
2014/02/10	4100	4153	4080	4149	1950536.00	540492.00
2014/02/11	4168	4176	4122	4133	1735816.00	533038.00
2014/02/12	4150	4154	4103	4135	2295082.00	522826.00
2014/02/13	4150	4157	4129	4136	1665284.00	529180.00
2014/02/14	4144	4250	4135	4249	2480476.00	656584.00
2014/02/17	4305	4440	4285	4440	2727756.00	687998.00
2014/02/18	4441	4483	4384	4412	3059920.00	668884.00
2014/02/19	4399	4469	4385	4432	3714632.00	705584.00
2014/02/20	4439	4462	4353	4388	3578102.00	665272.00
2014/02/21	4383	4421	4371	4394	2749468.00	648202.00
2014/02/24	4407	4425	4333	4408	3120350.00	638146.00
2014/02/25	4450	4461	4405	4409	3345578.00	624978.00
2014/02/26	4400	4468	4383	4441	3540346.00	658932.00
2014/02/27	4387	4387	4251	4283	4259772.00	519400.00
2014/02/28	4305	4325	4272	4282	3056448.00	520868.00
2014/03/03	4296	4350	4275	4334	2660878.00	512046.00
2014/03/04	4325	4357	4281	4288	2896910.00	523980.00
2014/03/05	4270	4304	4262	4287	2443770.00	508548.00
2014/03/06	4287	4304	4266	4282	1893578.00	500426.00
2014/03/07	4278	4354	4275	4332	2508262.00	490464.00
2014/03/10	4305	4322	4138	4165	3954986.00	500478.00
2014/03/11	4193	4229	4170	4194	2024496.00	450194.00
2014/03/12	4234	4266	4150	4234	3141810.00	438114.00
2014/03/13	4241	4317	4229	4275	2800848.00	451802.00
2014/03/14	4246	4286	4240	4269	2155606.00	432938.00
2014/03/17	4365	4388	4269	4306	2785618.00	443654.00
2014/03/18	4299	4308	4221	4244	2231534.00	450540.00
2014/03/19	4160	4231	4156	4211	2067478.00	454298.00
2014/03/20	4186	4247	4164	4192	3038494.00	417624.00
2014/03/21	4135	4191	4131	4170	1831372.00	404796.00
2014/03/24	4185	4196	4138	4152	1428226.00	421680.00
2014/03/25	4147	4153	4110	4141	1826138.00	452282.00
2014/03/26	4138	4165	4126	4164	1562460.00	450210.00
2014/03/27	4150	4155	4102	4128	1823344.00	455770.00
2014/03/28	4122	4144	4112	4139	1343874.00	446894.00
2014/03/31	4134	4158	4121	4128	1328368.00	439028.00
2014/04/01	4131	4146	4091	4117	1288606.00	445658.00
2014/04/02	4122	4129	4110	4125	906920.00	438552.00
2014/04/03	4145	4148	4120	4139	989192.00	424480.00
2014/04/04	4116	4126	4112	4121	742022.00	417046.00
2014/04/08	4127	4170	4121	4164	510158.00	441038.00
2014/04/09	4170	4177	4151	4155	882738.00	460368.00
2014/04/10	4100	4170	4099	4157	1072752.00	433342.00
2014/04/11	4174	4176	4142	4148	997636.00	445700.00
2014/04/14	4148	4170	4145	4166	806212.00	445256.00
2014/04/15	4151	4167	4107	4109	1041368.00	519606.00
2014/04/16	4050	4078	4037	4064	1509138.00	530132.00
2014/04/17	4082	4084	4051	4057	965550.00	520278.00
2014/04/18	4064	4068	4042	4051	643384.00	473128.00
2014/04/21	4051	4059	3972	3990	853788.00	512168.00
2014/04/22	4001	4024	3980	4011	979376.00	465820.00
2014/04/23	4009	4035	3996	4017	941766.00	448592.00
2014/04/24	4016	4031	4007	4028	644956.00	421470.00
2014/04/25	3996	4177	3993	4070	2221006.00	383052.00
2014/04/28	4085	4120	4079	4104	1450404.00	372322.00
2014/04/29	4117	4118	4075	4076	1101274.00	367922.00
2014/04/30	4080	4091	4055	4065	758010.00	312166.00
2014/05/05	4083	4108	4070	4096	250258.00	285118.00
2014/05/06	4108	4113	4077	4097	560348.00	285340.00
2014/05/07	4101	4108	4093	4102	479156.00	264616.00
2014/05/08	4089	4092	4040	4055	773628.00	280466.00
2014/05/09	4045	4063	4030	4056	531224.00	266262.00
2014/05/12	4056	4091	4047	4087	595978.00	255388.00
2014/05/13	4112	4126	4086	4098	428242.00	239240.00
2014/05/14	4108	4118	4096	4117	192232.00	229894.00
2014/05/15	4161	4168	4129	4132	227652.00	215118.00
2014/05/16	4115	4123	4099	4100	181508.00	203842.00
2014/05/19	4098	4136	4094	4133	162122.00	193742.00
2014/05/20	4141	4143	4106	4114	123304.00	181306.00
2014/05/21	4109	4140	4103	4129	132138.00	170572.00
2014/05/22	4116	4149	4114	4146	103222.00	166450.00
2014/05/23	4158	4161	4126	4142	94090.00	153060.00
2014/05/26	4136	4149	4135	4143	59862.00	147722.00
2014/05/27	4141	4147	4118	4120	54522.00	136276.00
2014/05/28	4100	4138	4098	4130	93800.00	113854.00
2014/05/29	4132	4164	4125	4128	110406.00	93414.00
2014/05/30	4121	4153	4104	4119	86110.00	71314.00
2014/06/03	4098	4120	4085	4108	17610.00	67208.00
2014/06/04	4105	4107	4090	4098	16500.00	67176.00
2014/06/05	4104	4104	4053	4062	24696.00	54628.00
2014/06/06	4076	4095	4066	4076	18344.00	43700.00
2014/06/09	4075	4080	4057	4070	7536.00	39840.00
2014/06/10	4073	4076	4059	4065	30300.00	14200.00
2014/06/11	4072	4080	4069	4071	7696.00	8544.00
2014/06/12	4073	4078	4051	4052	2924.00	6592.00
2014/06/13	4119	4119	4092	4106	1084.00	6064.00
2014/06/16	4120	4160	4081	4160	684.00	6112.00
2014/06/17	4159	4176	4122	4135	380.00	302.00
2014/06/18	4167	4177	4136	4166	416.00	352.00
2014/06/19	4172	4225	4163	4198	168.00	388.00
2014/06/20	4215	4386	4215	4361	1226.00	712.00
2014/06/23	4370	4431	4364	4391	1190.00	1114.00
2014/06/24	4402	4402	4372	4396	530.00	1184.00
2014/06/25	4399	4424	4344	4370	922.00	1310.00
2014/06/26	4385	4408	4370	4376	312.00	1308.00
2014/06/27	4396	4412	4367	4390	518.00	1394.00
2014/06/30	4391	4404	4347	4368	714.00	1550.00
2014/07/01	4362	4415	4355	4378	724.00	1554.00
2014/07/02	4381	4402	4372	4388	230.00	1564.00
2014/07/03	4384	4403	4360	4368	488.00	1590.00
2014/07/04	4351	4403	4351	4400	274.00	1702.00
2014/07/07	4393	4400	4323	4334	450.00	1808.00
2014/07/08	4336	4362	4325	4360	434.00	2034.00
2014/07/09	4360	4380	4345	4370	578.00	2076.00
2014/07/10	4374	4405	4347	4386	644.00	2266.00
2014/07/11	4403	4473	4403	4470	650.00	2484.00
2014/07/14	4465	4467	4402	4404	362.00	2474.00
2014/07/15	4380	4383	4360	4379	494.00	2586.00
2014/07/16	4377	4393	4335	4344	900.00	2634.00
2014/07/17	4348	4373	4342	4366	422.00	2758.00
2014/07/18	4358	4440	4353	4386	922.00	2834.00
2014/07/21	4360	4385	4346	4378	974.00	3106.00
2014/07/22	4413	4413	4366	4382	846.00	3244.00
2014/07/23	4382	4406	4377	4390	1488.00	3390.00
2014/07/24	4380	4399	4352	4373	854.00	3410.00
2014/07/25	4371	4371	4303	4318	1430.00	3958.00
2014/07/28	4320	4363	4312	4348	856.00	4034.00
2014/07/29	4333	4348	4333	4339	406.00	4036.00
2014/07/30	4357	4359	4323	4338	492.00	4064.00
2014/07/31	4339	4358	4322	4351	986.00	4136.00
2014/08/01	4340	4341	4315	4315	1544.00	4596.00
2014/08/04	4332	4352	4317	4327	1738.00	4878.00
2014/08/05	4329	4333	4283	4303	980.00	4946.00
2014/08/06	4282	4282	4218	4218	7284.00	8234.00
2014/08/07	4239	4257	4238	4244	2538.00	8616.00
2014/08/08	4231	4267	4230	4251	2896.00	9870.00
2014/08/11	4234	4250	4223	4227	4198.00	12156.00
2014/08/12	4240	4245	4232	4242	3960.00	15170.00
2014/08/13	4249	4250	4223	4239	2378.00	16270.00
2014/08/14	4242	4242	4202	4216	2376.00	17256.00
2014/08/15	4216	4227	4208	4218	1618.00	17838.00
2014/08/18	4168	4185	4118	4137	8274.00	21664.00
2014/08/19	4140	4140	4125	4128	1910.00	22284.00
2014/08/20	4125	4125	4082	4117	5482.00	24154.00
2014/08/21	4116	4137	4089	4096	2720.00	25142.00
2014/08/22	4095	4132	4094	4121	4578.00	26590.00
2014/08/25	4112	4126	4105	4118	2160.00	27384.00
2014/08/26	4114	4144	4102	4142	8946.00	33360.00
2014/08/27	4146	4155	4112	4126	6752.00	36418.00
2014/08/28	4130	4152	4107	4150	6618.00	39414.00
2014/08/29	4158	4158	4118	4129	8918.00	43708.00
2014/09/01	4126	4133	4098	4106	5364.00	46558.00
2014/09/02	4100	4110	4077	4080	7964.00	51374.00
2014/09/03	4061	4075	4056	4069	7318.00	54532.00
2014/09/04	4063	4074	4058	4061	4348.00	55698.00
2014/09/05	4066	4090	4035	4043	8148.00	58208.00
2014/09/09	4044	4044	4014	4027	4064.00	59680.00
2014/09/10	4025	4055	4009	4049	8372.00	60812.00
2014/09/11	4038	4051	4024	4033	10568.00	63854.00
2014/09/12	4019	4024	3956	3997	27856.00	75898.00
2014/09/15	3985	4001	3970	4001	12718.00	77226.00
2014/09/16	3998	4033	3987	4007	12476.00	79060.00
2014/09/17	4013	4030	4004	4021	19080.00	76336.00
2014/09/18	4015	4038	3981	3987	15288.00	79004.00
2014/09/19	3973	4024	3964	3980	20558.00	82394.00
2014/09/22	3985	3991	3749	3749	65150.00	91478.00
2014/09/23	3760	3769	3703	3727	75658.00	100358.00
2014/09/24	3750	3784	3740	3764	47064.00	109774.00
2014/09/25	3746	3758	3678	3699	60936.00	114902.00
2014/09/26	3702	3790	3673	3764	63388.00	111904.00
2014/09/29	3732	3776	3723	3751	43690.00	109268.00
2014/09/30	3762	3784	3735	3751	25732.00	112544.00
2014/10/08	3736	3753	3689	3717	28206.00	115052.00
2014/10/09	3725	3758	3690	3753	54814.00	115368.00
2014/10/10	3747	3796	3725	3729	51722.00	123322.00
2014/10/13	3731	3787	3719	3774	50180.00	121430.00
2014/10/14	3759	3779	3750	3765	32626.00	125080.00
2014/10/15	3773	3781	3719	3723	62686.00	136284.00
2014/10/16	3751	3805	3748	3755	89942.00	135454.00
2014/10/17	3740	3764	3717	3750	76894.00	137396.00
2014/10/20	3748	3764	3736	3764	49692.00	142982.00
2014/10/21	3769	3776	3751	3766	54904.00	143560.00
2014/10/22	3786	3792	3765	3776	56674.00	143974.00
2014/10/23	3750	3762	3726	3752	89584.00	147198.00
2014/10/24	3758	3766	3743	3766	53036.00	149416.00
2014/10/27	3762	3779	3742	3747	68006.00	160700.00
2014/10/28	3749	3771	3741	3753	50976.00	167408.00
2014/10/29	3778	3782	3755	3767	47146.00	172360.00
2014/10/30	3750	3777	3669	3670	205724.00	218946.00
2014/10/31	3630	3643	3539	3539	321612.00	286800.00
2014/11/03	3450	3456	3375	3420	433484.00	298790.00
2014/11/04	3440	3443	3383	3410	346062.00	364602.00
2014/11/05	3400	3415	3261	3269	535388.00	453172.00
2014/11/06	3218	3279	3203	3241	1051414.00	493670.00
2014/11/07	3225	3258	3155	3240	1395618.00	520886.00
2014/11/10	3244	3362	3236	3324	2389448.00	480704.00
2014/11/11	3301	3332	3290	3305	1633212.00	481990.00
2014/11/12	3305	3357	3305	3344	1184294.00	483880.00
2014/11/13	3325	3350	3305	3325	1258154.00	498082.00
2014/11/14	3335	3354	3222	3243	1998724.00	583190.00
2014/11/17	3248	3456	3225	3440	4392426.00	503792.00
2014/11/18	3423	3455	3397	3427	2361452.00	463806.00
2014/11/19	3435	3446	3406	3429	1719892.00	464156.00
2014/11/20	3426	3487	3353	3405	3399466.00	472478.00
2014/11/21	3417	3432	3395	3429	1808744.00	467720.00
2014/11/24	3453	3503	3437	3452	2460648.00	473366.00
2014/11/25	3443	3473	3437	3472	1145936.00	475330.00
2014/11/26	3477	3483	3436	3462	1897038.00	488388.00
2014/11/27	3454	3462	3392	3436	1647784.00	508550.00
2014/11/28	3429	3430	3364	3375	1301338.00	539264.00
2014/12/01	3370	3384	3229	3229	2265360.00	552768.00
2014/12/02	3285	3548	3283	3455	5362976.00	454988.00
2014/12/03	3415	3496	3408	3462	4649196.00	453642.00
2014/12/04	3465	3497	3449	3481	2372274.00	446454.00
2014/12/05	3477	3538	3450	3501	3211152.00	452482.00
2014/12/08	3500	3529	3435	3464	3172562.00	454902.00
2014/12/09	3466	3505	3442	3502	1853536.00	452172.00
2014/12/10	3536	3638	3534	3638	3439846.00	486156.00
2014/12/11	3645	3720	3621	3636	4166320.00	479582.00
2014/12/12	3645	3683	3628	3655	2379500.00	495860.00
2014/12/15	3678	3689	3593	3648	2068550.00	484868.00
2014/12/16	3620	3632	3472	3492	2285282.00	457852.00
2014/12/17	3568	3577	3389	3442	4471222.00	432610.00
2014/12/18	3440	3502	3371	3474	3447224.00	397960.00
2014/12/19	3475	3514	3447	3475	2349256.00	414988.00
2014/12/22	3466	3496	3458	3493	1675818.00	439470.00
2014/12/23	3492	3492	3393	3414	2183162.00	455900.00
2014/12/24	3397	3474	3366	3429	1978900.00	440064.00
2014/12/25	3423	3428	3401	3414	935536.00	436764.00
2014/12/26	3416	3464	3413	3450	680196.00	423450.00
2014/12/29	3491	3497	3449	3475	1280768.00	405588.00
2014/12/30	3462	3492	3428	3456	1554396.00	411038.00
2014/12/31	3451	3580	3447	3522	2393764.00	392680.00
2015/01/05	3498	3516	3478	3507	513798.00	410420.00
2015/01/06	3490	3566	3462	3554	2199972.00	450158.00
2015/01/07	3544	3596	3530	3554	1865876.00	401974.00
2015/01/08	3540	3578	3537	3548	1434122.00	412464.00
2015/01/09	3568	3586	3544	3555	1415890.00	400170.00
2015/01/12	3545	3609	3520	3601	2522336.00	407230.00
2015/01/13	3577	3645	3571	3616	1816952.00	396296.00
2015/01/14	3635	3664	3570	3608	2630104.00	381950.00
2015/01/15	3592	3642	3556	3573	2546564.00	405240.00
2015/01/16	3635	3660	3613	3642	2161856.00	387826.00
2015/01/19	3638	3783	3633	3767	3544420.00	472114.00
2015/01/20	3770	3800	3745	3770	1461346.00	479754.00
2015/01/21	3822	3919	3787	3890	2675070.00	506162.00
2015/01/22	3887	3934	3798	3819	3079184.00	517020.00
2015/01/23	3843	3886	3822	3859	2627510.00	502324.00
2015/01/26	3865	3888	3814	3849	1834432.00	515488.00
2015/01/27	3836	3841	3763	3815	1982320.00	522960.00
2015/01/28	3815	3837	3793	3806	1463626.00	513360.00
2015/01/29	3817	3820	3750	3766	1446720.00	511160.00
2015/01/30	3713	3721	3564	3573	2849430.00	491344.00
2015/02/02	3593	3671	3551	3632	2755340.00	459730.00
2015/02/03	3620	3681	3603	3669	1905866.00	441120.00
2015/02/04	3668	3675	3612	3645	2230030.00	456476.00
2015/02/05	3654	3710	3649	3675	2235044.00	430468.00
2015/02/06	3655	3677	3628	3673	1745320.00	415498.00
2015/02/09	3675	3687	3566	3595	2979798.00	438030.00
2015/02/10	3606	3630	3593	3618	1248764.00	419950.00
2015/02/11	3607	3638	3590	3618	1462208.00	388998.00
2015/02/12	3615	3621	3557	3585	1601470.00	388184.00
2015/02/13	3599	3650	3582	3631	1544114.00	361214.00
2015/02/16	3623	3700	3620	3686	1663548.00	326706.00
2015/02/17	3676	3695	3655	3672	590260.00	311484.00
2015/02/25	3563	3603	3562	3590	392598.00	309022.00
2015/02/26	3588	3612	3578	3601	795474.00	339218.00
2015/02/27	3617	3628	3590	3606	956158.00	373818.00
2015/03/02	3592	3647	3580	3631	1381658.00	383840.00
2015/03/03	3624	3633	3488	3586	2033996.00	386932.00
2015/03/04	3591	3608	3548	3558	1798608.00	416432.00
2015/03/05	3560	3569	3516	3539	1485834.00	418416.00
2015/03/06	3535	3560	3513	3532	1089368.00	413392.00
2015/03/09	3524	3531	3434	3470	2174538.00	473530.00
2015/03/10	3462	3468	3422	3424	1283922.00	493624.00
2015/03/11	3443	3461	3433	3450	1099402.00	498282.00
2015/03/12	3433	3460	3375	3453	2324538.00	563910.00
2015/03/13	3439	3470	3425	3442	1316696.00	563064.00
2015/03/16	3448	3479	3417	3469	1360990.00	580236.00
2015/03/17	3455	3472	3428	3443	1220700.00	586844.00
2015/03/18	3428	3458	3398	3420	1741986.00	593452.00
2015/03/19	3418	3537	3410	3502	1783026.00	573254.00
2015/03/20	3492	3535	3491	3516	1391082.00	556166.00
2015/03/23	3525	3655	3523	3634	2610940.00	567348.00
2015/03/24	3649	3699	3646	3670	1815344.00	542542.00
2015/03/25	3681	3692	3633	3652	1427656.00	521234.00
2015/03/26	3690	3710	3651	3692	1511626.00	526078.00
2015/03/27	3680	3686	3646	3667	1225598.00	480856.00
2015/03/30	3669	3676	3612	3615	1551364.00	494348.00
2015/03/31	3605	3615	3548	3556	1392912.00	487696.00
2015/04/01	3580	3596	3543	3565	1166888.00	483224.00
2015/04/02	3580	3630	3575	3619	1493140.00	448852.00
2015/04/03	3592	3607	3563	3595	1151628.00	412946.00
2015/04/07	3596	3630	3591	3613	336968.00	416596.00
2015/04/08	3611	3624	3598	3616	677522.00	419448.00
2015/04/09	3606	3616	3489	3504	1520726.00	463038.00
2015/04/10	3496	3515	3470	3498	1064078.00	462546.00
2015/04/13	3526	3565	3516	3537	1199680.00	464074.00
2015/04/14	3533	3542	3478	3501	1048738.00	476672.00
2015/04/15	3485	3536	3483	3510	1106310.00	465072.00
2015/04/16	3508	3562	3503	3551	998014.00	448234.00
2015/04/17	3560	3570	3510	3523	1217854.00	476076.00
2015/04/20	3520	3555	3517	3553	814654.00	460514.00
2015/04/21	3506	3513	3460	3486	1204686.00	488146.00
2015/04/22	3493	3518	3481	3506	876500.00	482784.00
2015/04/23	3497	3498	3443	3452	1418428.00	489886.00
2015/04/24	3458	3488	3451	3475	1024546.00	450406.00
2015/04/27	3465	3484	3427	3472	1321720.00	428316.00
2015/04/28	3482	3609	3480	3598	2171488.00	444146.00
2015/04/29	3626	3654	3583	3599	1607256.00	381880.00
2015/04/30	3617	3648	3591	3599	1471756.00	346510.00
2015/05/04	3540	3577	3515	3564	455382.00	324062.00
2015/05/05	3580	3655	3566	3580	928228.00	321812.00
2015/05/06	3617	3626	3590	3597	872114.00	286582.00
2015/05/07	3609	3618	3558	3571	794696.00	273648.00
2015/05/08	3551	3585	3538	3574	570650.00	262926.00
2015/05/11	3580	3605	3563	3577	701450.00	260218.00
2015/05/12	3588	3598	3522	3551	660034.00	243192.00
2015/05/13	3580	3605	3560	3604	556904.00	223952.00
2015/05/14	3688	3697	3651	3680	611166.00	172912.00
2015/05/15	3691	3718	3680	3704	421254.00	150436.00
2015/05/18	3705	3776	3689	3761	296178.00	139688.00
2015/05/19	3758	3770	3701	3711	234906.00	119514.00
2015/05/20	3686	3689	3547	3624	445668.00	93296.00
2015/05/21	3630	3662	3623	3646	146524.00	87846.00
2015/05/22	3622	3658	3614	3649	102198.00	86422.00
2015/05/25	3631	3643	3600	3625	104802.00	76928.00
2015/05/26	3612	3653	3583	3585	84560.00	68746.00
2015/05/27	3565	3603	3558	3589	81768.00	62028.00
2015/05/28	3577	3594	3565	3582	49160.00	56042.00
2015/05/29	3613	3613	3553	3569	61990.00	35638.00
2015/06/01	3590	3591	3546	3563	14054.00	31536.00
2015/06/02	3565	3631	3560	3576	16256.00	25832.00
2015/06/03	3579	3600	3560	3586	4492.00	24360.00
2015/06/04	3557	3582	3530	3540	7908.00	19684.00
2015/06/05	3540	3540	3483	3484	6044.00	17844.00
2015/06/08	3499	3499	3430	3488	5036.00	15956.00
2015/06/09	3489	3489	3465	3489	3668.00	14208.00
2015/06/10	3482	3489	3472	3480	5596.00	13324.00
2015/06/11	3492	3495	3476	3480	220.00	13280.00
2015/06/12	3472	3496	3450	3476	544.00	12900.00
2015/06/15	3476	3478	3450	3469	2232.00	13408.00
2015/06/16	3575	3645	3551	3630	252.00	152.00
2015/06/17	3630	3630	3587	3608	530.00	412.00
2015/06/18	3609	3657	3600	3641	538.00	606.00
2015/06/19	3666	3686	3625	3633	380.00	720.00
2015/06/23	3635	3635	3603	3606	140.00	722.00
2015/06/24	3594	3597	3547	3564	772.00	1058.00
2015/06/25	3557	3568	3548	3556	358.00	1134.00
2015/06/26	3556	3564	3505	3505	826.00	1494.00
2015/06/29	3511	3567	3503	3542	702.00	1718.00
2015/06/30	3549	3553	3455	3520	1046.00	1946.00
2015/07/01	3525	3546	3470	3500	1458.00	2236.00
2015/07/02	3493	3522	3479	3491	1310.00	2432.00
2015/07/03	3501	3537	3501	3522	1136.00	2486.00
2015/07/06	3530	3533	3488	3501	1028.00	2612.00
2015/07/07	3496	3538	3481	3510	1150.00	2618.00
2015/07/08	3492	3498	3292	3292	4180.00	2850.00
2015/07/09	3292	3485	3263	3444	4692.00	3448.00
2015/07/10	3450	3474	3427	3444	1840.00	3380.00
2015/07/13	3444	3481	3428	3443	740.00	3288.00
2015/07/14	3432	3438	3385	3409	1156.00	3286.00
2015/07/15	3418	3437	3400	3409	618.00	3370.00
2015/07/16	3378	3381	3340	3360	1536.00	3848.00
2015/07/17	3325	3380	3308	3343	950.00	3952.00
2015/07/20	3305	3337	3250	3322	2858.00	4496.00
2015/07/21	3302	3370	3290	3318	2248.00	4738.00
2015/07/22	3326	3352	3280	3300	2180.00	5186.00
2015/07/23	3300	3329	3290	3317	2308.00	5636.00
2015/07/24	3315	3326	3251	3277	3338.00	6366.00
2015/07/27	3260	3296	3214	3294	2974.00	6658.00
2015/07/28	3278	3293	3259	3273	1904.00	6884.00
2015/07/29	3276	3298	3270	3289	1540.00	6894.00
2015/07/30	3278	3328	3274	3274	2730.00	6896.00
2015/07/31	3289	3309	3274	3274	1418.00	6856.00
2015/08/03	3285	3336	3280	3299	2194.00	6752.00
2015/08/04	3287	3293	3225	3264	1998.00	6774.00
2015/08/05	3273	3276	3251	3257	1132.00	6986.00
2015/08/06	3263	3282	3254	3270	1138.00	7178.00
2015/08/07	3261	3302	3261	3300	1188.00	7030.00
2015/08/10	3274	3328	3274	3315	3086.00	7112.00
2015/08/11	3313	3437	3313	3411	6460.00	7980.00
2015/08/12	3425	3579	3404	3571	9372.00	9196.00
2015/08/13	3586	3606	3537	3555	5306.00	9332.00
2015/08/14	3555	3558	3529	3549	3182.00	9106.00
2015/08/17	3555	3586	3485	3514	6088.00	8722.00
2015/08/18	3520	3527	3496	3498	1628.00	8924.00
2015/08/19	3480	3480	3425	3472	3042.00	9144.00
2015/08/20	3468	3558	3467	3541	4186.00	9370.00
2015/08/21	3575	3594	3544	3553	5100.00	9750.00
2015/08/24	3544	3560	3475	3485	6362.00	9724.00
2015/08/25	3450	3506	3402	3426	10458.00	11588.00
2015/08/26	3450	3470	3380	3382	6160.00	12022.00
2015/08/27	3333	3354	3300	3344	6180.00	12824.00
2015/08/28	3329	3428	3320	3399	7922.00	13864.00
2015/08/31	3391	3432	3370	3391	5760.00	13554.00
2015/09/01	3380	3422	3364	3393	2466.00	13684.00
2015/09/02	3402	3422	3380	3390	2728.00	13878.00
2015/09/07	3390	3400	3376	3378	1658.00	13800.00
2015/09/08	3380	3388	3360	3386	2234.00	13974.00
2015/09/09	3399	3454	3391	3393	8452.00	13606.00
2015/09/10	3391	3400	3368	3395	4142.00	14568.00
2015/09/11	3410	3420	3385	3392	4858.00	14538.00
2015/09/14	3380	3388	3336	3366	5104.00	14768.00
2015/09/15	3350	3365	3346	3348	2420.00	14860.00
2015/09/16	3355	3376	3338	3369	2368.00	14954.00
2015/09/17	3404	3438	3398	3425	4798.00	15106.00
2015/09/18	3425	3504	3416	3453	5270.00	15508.00
2015/09/21	3487	3514	3450	3481	5132.00	15648.00
2015/09/22	3466	3483	3463	3466	2172.00	15864.00
2015/09/23	3429	3429	3316	3417	4174.00	16292.00
2015/09/24	3425	3440	3415	3428	3260.00	16656.00
2015/09/25	3421	3478	3421	3455	6704.00	16888.00
2015/09/28	3458	3460	3415	3418	2618.00	17470.00
2015/09/29	3388	3388	3338	3352	8790.00	19208.00
2015/09/30	3366	3380	3355	3357	3330.00	19388.00
2015/10/08	3635	3635	3517	3528	11942.00	21220.00
2015/10/09	3493	3546	3491	3533	14436.00	25188.00
2015/10/12	3535	3560	3515	3550	14520.00	27898.00
2015/10/13	3549	3559	3493	3509	16014.00	28500.00
2015/10/14	3523	3558	3513	3543	18400.00	33314.00
2015/10/15	3543	3567	3539	3544	19296.00	38390.00
2015/10/16	3538	3554	3522	3524	15858.00	40246.00
2015/10/19	3536	3545	3504	3507	14850.00	41024.00
2015/10/20	3514	3523	3488	3509	10666.00	40904.00
2015/10/21	3509	3525	3486	3489	14538.00	41798.00
2015/10/22	3493	3503	3476	3503	12582.00	42844.00
2015/10/23	3502	3544	3487	3543	25716.00	47422.00
2015/10/26	3546	3548	3491	3505	24134.00	49002.00
2015/10/27	3508	3520	3499	3510	13646.00	51724.00
2015/10/28	3501	3536	3497	3528	29090.00	63362.00
2015/10/29	3540	3593	3510	3516	63016.00	80176.00
2015/10/30	3500	3512	3474	3479	49656.00	94936.00
2015/11/02	3465	3477	3452	3467	36012.00	100750.00
2015/11/03	3465	3469	3443	3460	41038.00	105698.00
2015/11/04	3458	3458	3433	3442	37168.00	110938.00
2015/11/05	3444	3456	3395	3398	58108.00	122564.00
2015/11/06	3399	3410	3382	3403	41378.00	129390.00
2015/11/09	3400	3409	3349	3364	95010.00	139928.00
2015/11/10	3366	3366	3316	3329	118308.00	142454.00
2015/11/11	3323	3344	3300	3333	114916.00	157724.00
2015/11/12	3328	3329	3302	3323	106000.00	190264.00
2015/11/13	3314	3343	3296	3313	185838.00	222468.00
2015/11/16	3310	3346	3303	3340	168652.00	247748.00
2015/11/17	3338	3340	3262	3280	229662.00	293226.00
2015/11/18	3281	3305	3263	3286	195064.00	305198.00
2015/11/19	3278	3294	3251	3288	257330.00	323960.00
2015/11/20	3273	3311	3260	3296	328086.00	343262.00
2015/11/23	3300	3309	3168	3220	760626.00	436044.00
2015/11/24	3209	3237	3184	3223	679588.00	428796.00
2015/11/25	3231	3273	3218	3248	722136.00	426808.00
2015/11/26	3234	3288	3216	3258	737932.00	434288.00
2015/11/27	3267	3280	3218	3229	618388.00	476180.00
2015/11/30	3234	3239	3185	3202	741960.00	484564.00
2015/12/01	3218	3248	3209	3241	545874.00	464372.00
2015/12/02	3240	3253	3226	3236	434892.00	463584.00
2015/12/03	3231	3233	3178	3206	652470.00	494568.00
2015/12/04	3220	3401	3213	3235	692076.00	471846.00
2015/12/07	3240	3332	3224	3320	1466624.00	463290.00
2015/12/08	3317	3324	3262	3281	645200.00	454498.00
2015/12/09	3261	3287	3252	3278	513700.00	454328.00
2015/12/10	3289	3309	3265	3274	617060.00	456638.00
2015/12/11	3273	3281	3246	3279	435214.00	454768.00
2015/12/14	3246	3279	3242	3260	732324.00	478922.00
2015/12/15	3236	3273	3235	3241	616174.00	506756.00
2015/12/16	3245	3259	3237	3252	349370.00	492150.00
2015/12/17	3257	3307	3254	3269	805940.00	471474.00
2015/12/18	3273	3282	3222	3254	728054.00	524484.00
2015/12/21	3258	3310	3248	3308	791942.00	495976.00
2015/12/22	3295	3328	3290	3314	650614.00	494540.00
2015/12/23	3316	3337	3301	3305	497198.00	488088.00
2015/12/24	3307	3324	3301	3319	367008.00	494820.00
2015/12/25	3315	3331	3314	3329	216172.00	489824.00
2015/12/28	3329	3343	3300	3304	315352.00	470814.00
2015/12/29	3294	3315	3283	3313	375754.00	484840.00
2015/12/30	3309	3322	3301	3309	425540.00	499074.00
2015/12/31	3296	3305	3287	3290	385684.00	502858.00
2016/01/04	3302	3312	3250	3305	310492.00	498550.00
2016/01/05	3303	3330	3294	3313	574222.00	480342.00
2016/01/06	3315	3321	3296	3314	409052.00	499704.00
2016/01/07	3320	3385	3308	3357	976372.00	528526.00
2016/01/08	3360	3390	3345	3356	759474.00	491744.00
2016/01/11	3343	3362	3322	3349	566072.00	491476.00
2016/01/12	3343	3350	3280	3288	492728.00	491574.00
2016/01/13	3283	3288	3262	3274	330408.00	489438.00
2016/01/14	3275	3325	3270	3312	643000.00	477542.00
2016/01/15	3296	3309	3284	3294	416502.00	474618.00
2016/01/18	3296	3323	3296	3301	534562.00	474614.00
2016/01/19	3305	3321	3299	3317	295732.00	488636.00
2016/01/20	3317	3334	3311	3315	434388.00	474574.00
2016/01/21	3338	3340	3322	3331	399366.00	471280.00
2016/01/22	3319	3330	3301	3323	458828.00	481522.00
2016/01/25	3327	3354	3314	3323	585878.00	471768.00
2016/01/26	3331	3361	3326	3360	518926.00	506304.00
2016/01/27	3356	3378	3346	3365	544132.00	498196.00
2016/01/28	3361	3374	3347	3352	358048.00	485058.00
2016/01/29	3347	3357	3329	3333	392284.00	481378.00
2016/02/01	3329	3348	3322	3343	333956.00	482956.00
2016/02/02	3345	3356	3329	3338	304078.00	481826.00
2016/02/03	3337	3353	3329	3341	315100.00	482866.00
2016/02/04	3350	3394	3335	3388	737350.00	497720.00
2016/02/05	3399	3422	3386	3389	474598.00	477858.00
2016/02/15	3480	3500	3456	3470	389252.00	481734.00
2016/02/16	3464	3474	3442	3463	356966.00	497130.00
2016/02/17	3470	3473	3449	3466	300972.00	505446.00
2016/02/18	3465	3472	3455	3455	250364.00	511542.00
2016/02/19	3455	3478	3452	3472	288542.00	527076.00
2016/02/22	3476	3484	3443	3446	406224.00	524986.00
2016/02/23	3425	3452	3424	3444	313294.00	515584.00
2016/02/24	3444	3455	3438	3441	273304.00	533854.00
2016/02/25	3451	3478	3428	3433	675372.00	575844.00
2016/02/26	3430	3432	3392	3408	523638.00	569722.00
2016/02/29	3409	3409	3304	3312	776704.00	559186.00
2016/03/01	3321	3355	3307	3346	468556.00	543062.00
2016/03/02	3353	3359	3313	3330	488806.00	553160.00
2016/03/03	3334	3364	3328	3347	486506.00	564056.00
2016/03/04	3350	3434	3339	3426	779882.00	626064.00
2016/03/07	3425	3516	3384	3481	1664662.00	643948.00
2016/03/08	3497	3550	3426	3450	1323092.00	644694.00
2016/03/09	3459	3466	3366	3396	793226.00	594136.00
2016/03/10	3400	3420	3380	3391	579998.00	602394.00
2016/03/11	3389	3475	3372	3434	997188.00	617576.00
2016/03/14	3429	3448	3413	3433	559172.00	633430.00
2016/03/15	3446	3484	3383	3395	874896.00	617952.00
2016/03/16	3392	3406	3378	3404	353844.00	616076.00
2016/03/17	3396	3458	3387	3438	472724.00	635010.00
2016/03/18	3449	3543	3443	3521	1425298.00	752824.00
2016/03/21	3505	3508	3457	3470	741118.00	689568.00
2016/03/22	3470	3520	3469	3516	568930.00	742450.00
2016/03/23	3510	3515	3463	3469	627798.00	692722.00
2016/03/24	3431	3434	3405	3409	685476.00	607844.00
2016/03/25	3420	3425	3401	3410	293002.00	616024.00
2016/03/28	3404	3420	3400	3406	256618.00	609094.00
2016/03/29	3416	3428	3390	3393	349684.00	607560.00
2016/03/30	3392	3433	3392	3424	522622.00	583444.00
2016/03/31	3415	3428	3395	3406	345438.00	581458.00
2016/04/01	3431	3436	3410	3421	392956.00	577138.00
2016/04/05	3361	3382	3342	3370	205890.00	560710.00
2016/04/06	3384	3387	3367	3371	217914.00	566404.00
2016/04/07	3357	3387	3355	3377	267182.00	566728.00
2016/04/08	3394	3405	3378	3380	283456.00	567292.00
2016/04/11	3386	3429	3381	3418	408412.00	587716.00
2016/04/12	3448	3471	3441	3467	587910.00	650158.00
2016/04/13	3489	3507	3472	3483	713772.00	666908.00
2016/04/14	3491	3528	3465	3485	703608.00	678608.00
2016/04/15	3492	3506	3476	3492	399568.00	690528.00
2016/04/18	3488	3535	3472	3484	733228.00	690902.00
2016/04/19	3505	3658	3490	3646	949978.00	790292.00
2016/04/20	3689	3755	3650	3679	1648032.00	712300.00
2016/04/21	3701	3849	3689	3811	1587208.00	705886.00
2016/04/22	3862	3877	3668	3708	1490126.00	577566.00
2016/04/25	3737	3768	3633	3693	1237514.00	559032.00
2016/04/26	3686	3710	3666	3671	648582.00	529962.00
2016/04/27	3677	3781	3675	3774	841362.00	559280.00
2016/04/28	3778	3785	3710	3757	916786.00	515250.00
2016/04/29	3757	3873	3745	3831	937576.00	489332.00
2016/05/03	3810	3839	3782	3827	281040.00	462218.00
2016/05/04	3801	3827	3739	3745	521412.00	419968.00
2016/05/05	3774	3778	3737	3761	359362.00	408474.00
2016/05/06	3793	3803	3706	3730	610562.00	387152.00
2016/05/09	3750	3776	3718	3723	499960.00	366992.00
2016/05/10	3694	3694	3620	3661	390588.00	327324.00
2016/05/11	3645	3716	3644	3699	213130.00	316058.00
2016/05/12	3732	3748	3703	3715	181348.00	307610.00
2016/05/13	3706	3738	3645	3682	212162.00	288464.00
2016/05/16	3657	3727	3650	3724	134022.00	281588.00
2016/05/17	3734	3736	3690	3708	84492.00	268722.00
2016/05/18	3690	3728	3681	3681	96178.00	245704.00
2016/05/19	3678	3707	3596	3599	128550.00	223074.00
2016/05/20	3566	3596	3553	3576	94082.00	204156.00
2016/05/23	3592	3608	3530	3551	87692.00	186806.00
2016/05/24	3548	3561	3521	3525	55948.00	177520.00
2016/05/25	3526	3559	3520	3525	55686.00	166086.00
2016/05/26	3529	3570	3528	3564	61912.00	162268.00
2016/05/27	3566	3578	3503	3529	56996.00	153700.00
2016/05/30	3530	3537	3450	3462	61664.00	136932.00
2016/05/31	3461	3499	3461	3482	40112.00	128706.00
2016/06/01	3473	3489	3473	3483	14222.00	126388.00
2016/06/02	3488	3492	3445	3490	20404.00	118124.00
2016/06/03	3483	3498	3477	3497	10024.00	113340.00
2016/06/06	3550	3571	3544	3562	13376.00	108504.00
2016/06/07	3560	3585	3554	3565	13212.00	105128.00
2016/06/08	3545	3610	3545	3609	9692.00	101216.00
2016/06/13	3609	3780	3609	3730	3180.00	99620.00
2016/06/14	3753	3755	3732	3740	2484.00	98252.00
2016/06/15	3761	3761	3680	3755	5048.00	98640.00
2016/06/16	3980	4028	3879	4014	224.00	102.00
2016/06/17	4012	4012	3911	3925	396.00	266.00
2016/06/20	3948	3961	3920	3940	284.00	292.00
2016/06/21	3936	3976	3936	3943	256.00	330.00
2016/06/22	3917	3923	3882	3904	262.00	376.00
2016/06/23	3908	3925	3893	3907	240.00	446.00
2016/06/24	3913	4039	3913	3996	938.00	716.00
2016/06/27	4020	4052	3990	4016	864.00	988.00
2016/06/28	4028	4028	3979	3999	612.00	1022.00
2016/06/29	4017	4155	4010	4153	792.00	1218.00
2016/06/30	4153	4171	4115	4159	754.00	1310.00
2016/07/01	4165	4377	4151	4323	2186.00	1558.00
2016/07/04	4329	4524	4322	4524	2170.00	2300.00
2016/07/05	4600	4687	4411	4522	8040.00	2190.00
2016/07/06	4493	4666	4435	4611	6842.00	2480.00
2016/07/07	4598	4600	4513	4558	3704.00	2528.00
2016/07/08	4535	4535	4419	4430	4220.00	2558.00
2016/07/11	4428	4672	4400	4612	6728.00	2964.00
2016/07/12	4593	4632	4554	4616	3668.00	2990.00
2016/07/13	4616	4631	4495	4622	5454.00	3416.00
2016/07/14	4622	4640	4556	4588	3644.00	3396.00
2016/07/15	4558	4586	4522	4564	2670.00	3676.00
2016/07/18	4564	4566	4485	4495	3820.00	4052.00
2016/07/19	4495	4517	4469	4488	3502.00	4496.00
2016/07/20	4488	4516	4458	4458	2866.00	4706.00
2016/07/21	4418	4421	4346	4380	4352.00	5216.00
2016/07/22	4379	4502	4360	4440	4596.00	5772.00
2016/07/25	4440	4450	4370	4400	3034.00	6238.00
2016/07/26	4397	4459	4375	4441	3542.00	6818.00
2016/07/27	4441	4458	4420	4436	2322.00	7316.00
2016/07/28	4446	4615	4446	4601	4924.00	7058.00
2016/07/29	4594	4596	4538	4548	2510.00	7156.00
2016/08/01	4582	4663	4557	4639	4158.00	7714.00
2016/08/02	4639	4648	4600	4638	2678.00	7994.00
2016/08/03	4670	4692	4652	4672	2714.00	8434.00
2016/08/04	4665	4665	4549	4560	4174.00	8476.00
2016/08/05	4592	4613	4579	4605	2106.00	8588.00
2016/08/08	4528	4529	4441	4447	4130.00	8900.00
2016/08/09	4463	4488	4442	4452	2404.00	9122.00
2016/08/10	4443	4579	4435	4566	3868.00	9394.00
2016/08/11	4596	4602	4506	4535	4588.00	9170.00
2016/08/12	4561	4568	4511	4525	2694.00	9454.00
2016/08/15	4556	4560	4460	4479	7240.00	8910.00
2016/08/16	4471	4533	4466	4512	3530.00	9132.00
2016/08/17	4508	4511	4452	4462	3714.00	9584.00
2016/08/18	4462	4521	4406	4488	5150.00	10024.00
2016/08/19	4488	4495	4455	4467	3254.00	10492.00
2016/08/22	4426	4440	4302	4305	10412.00	13220.00
2016/08/23	4306	4342	4305	4338	3152.00	13494.00
2016/08/24	4347	4347	4305	4313	3094.00	13772.00
2016/08/25	4304	4304	4223	4249	4906.00	14222.00
2016/08/26	4238	4263	4230	4247	3120.00	14420.00
2016/08/29	4275	4339	4205	4233	8032.00	15202.00
2016/08/30	4241	4300	4241	4260	4000.00	15614.00
2016/08/31	4262	4289	4243	4267	3420.00	15744.00
2016/09/01	4255	4288	4255	4270	6648.00	17484.00
2016/09/02	4255	4342	4255	4315	5850.00	17880.00
2016/09/05	4366	4428	4366	4412	9172.00	17662.00
2016/09/06	4418	4444	4415	4438	4590.00	17324.00
2016/09/07	4451	4554	4451	4507	10812.00	17772.00
2016/09/08	4516	4527	4477	4511	5386.00	18448.00
2016/09/09	4503	4503	4441	4455	8232.00	18422.00
2016/09/12	4436	4446	4320	4352	11166.00	19530.00
2016/09/13	4344	4411	4327	4380	8250.00	21194.00
2016/09/14	4351	4373	4313	4366	6616.00	21028.00
2016/09/19	4332	4408	4321	4380	4490.00	21208.00
2016/09/20	4399	4416	4382	4401	4510.00	21746.00
2016/09/21	4397	4449	4359	4444	8774.00	21858.00
2016/09/22	4481	4526	4450	4481	13528.00	22644.00
2016/09/23	4520	4540	4477	4494	9530.00	24320.00
2016/09/26	4504	4504	4418	4445	11030.00	26380.00
2016/09/27	4439	4463	4413	4435	6772.00	26862.00
2016/09/28	4403	4414	4350	4364	11554.00	28022.00
2016/09/29	4364	4405	4334	4375	8840.00	28040.00
2016/09/30	4353	4389	4347	4364	8442.00	27632.00
2016/10/10	4060	4101	4052	4075	24764.00	37192.00
2016/10/11	4076	4120	4062	4112	23926.00	44492.00
2016/10/12	4082	4094	4068	4082	17366.00	45960.00
2016/10/13	4070	4103	4066	4086	15496.00	49602.00
2016/10/14	4076	4092	4069	4073	23588.00	56778.00
2016/10/17	4073	4097	4061	4081	18986.00	59794.00
2016/10/18	4078	4135	4077	4125	18728.00	61234.00
2016/10/19	4123	4140	4110	4120	22904.00	65556.00
2016/10/20	4142	4155	4126	4143	21450.00	70438.00
2016/10/21	4134	4151	4083	4100	30188.00	77910.00
2016/10/24	4101	4134	4097	4128	25456.00	84310.00
2016/10/25	4148	4180	4124	4152	43674.00	93798.00
2016/10/26	4165	4199	4143	4181	70696.00	111614.00
2016/10/27	4161	4175	4146	4160	60132.00	137934.00
2016/10/28	4170	4177	4150	4166	52966.00	160246.00
2016/10/31	4165	4207	4155	4187	96434.00	194872.00
2016/11/01	4185	4224	4181	4210	74300.00	218316.00
2016/11/02	4259	4306	4248	4303	105566.00	225616.00
2016/11/03	4318	4333	4274	4275	120968.00	213506.00
2016/11/04	4220	4276	4216	4218	151816.00	217806.00
2016/11/07	4242	4260	4206	4226	114554.00	225676.00
2016/11/08	4220	4259	4190	4257	129340.00	255802.00
2016/11/09	4237	4419	4232	4384	501866.00	303064.00
2016/11/10	4384	4403	4308	4403	349812.00	389490.00
2016/11/11	4391	4465	4352	4452	540772.00	531670.00
2016/11/14	4425	4479	4138	4138	853470.00	435976.00
2016/11/15	4141	4164	4093	4140	500754.00	421952.00
2016/11/16	4130	4180	4120	4158	395132.00	438130.00
2016/11/17	4148	4161	4135	4139	331908.00	454692.00
2016/11/18	4148	4158	4080	4101	516058.00	492548.00
2016/11/21	4102	4133	4073	4131	535686.00	512028.00
2016/11/22	4125	4186	4110	4166	620846.00	589436.00
2016/11/23	4166	4177	4143	4159	480092.00	605060.00
2016/11/24	4148	4153	4081	4129	908362.00	643450.00
2016/11/25	4125	4158	4093	4119	665974.00	668112.00
2016/11/28	4133	4237	4125	4211	944576.00	718130.00
2016/11/29	4195	4220	4167	4179	708916.00	694584.00
2016/11/30	4159	4188	4133	4155	712904.00	695622.00
2016/12/01	4155	4176	4090	4147	906362.00	724380.00
2016/12/02	4121	4165	4116	4144	588310.00	732220.00
2016/12/05	4128	4214	4116	4165	980844.00	750078.00
2016/12/06	4167	4202	4156	4172	690058.00	768054.00
2016/12/07	4181	4192	4163	4169	517866.00	768516.00
2016/12/08	4182	4290	4180	4250	1332558.00	834208.00
2016/12/09	4245	4266	4208	4238	776850.00	805230.00
2016/12/12	4228	4265	4221	4244	737376.00	864670.00
2016/12/13	4246	4298	4231	4275	869156.00	875882.00
2016/12/14	4276	4300	4222	4273	908220.00	876070.00
2016/12/15	4275	4298	4200	4231	972096.00	828720.00
2016/12/16	4136	4148	4096	4112	908346.00	770624.00
2016/12/19	4112	4135	4104	4116	507136.00	758880.00
2016/12/20	4110	4115	3997	4003	780436.00	760922.00
2016/12/21	3960	4059	3943	4041	827464.00	728162.00
2016/12/22	4035	4047	3972	3990	514436.00	736258.00
2016/12/23	3980	4038	3972	3995	635390.00	727314.00
2016/12/26	3999	4017	3950	3979	486620.00	716582.00
2016/12/27	3978	4045	3975	4039	374334.00	740776.00
2016/12/28	4042	4065	4019	4042	573016.00	737970.00
2016/12/29	4035	4102	4030	4087	572730.00	729452.00
2016/12/30	4076	4136	4069	4113	595792.00	708376.00
2017/01/03	4076	4107	4070	4078	224568.00	702900.00
2017/01/04	4071	4145	4063	4130	735862.00	713016.00
2017/01/05	4129	4149	4102	4137	589950.00	709016.00
2017/01/06	4129	4147	4069	4075	703100.00	706882.00
2017/01/09	4090	4120	4083	4109	478496.00	701796.00
2017/01/10	4107	4140	4107	4126	490692.00	702764.00
2017/01/11	4123	4173	4115	4161	599530.00	705988.00
2017/01/12	4148	4154	4105	4150	681992.00	688200.00
2017/01/13	4150	4158	4100	4114	510994.00	696168.00
2017/01/16	4122	4156	4088	4145	658596.00	725342.00
2017/01/17	4135	4163	4120	4134	505562.00	705192.00
2017/01/18	4139	4183	4129	4139	751404.00	695382.00
2017/01/19	4138	4162	4093	4103	572116.00	698376.00
2017/01/20	4115	4117	4087	4102	468122.00	676654.00
2017/01/23	4100	4138	4095	4128	549726.00	674800.00
2017/01/24	4128	4136	4112	4117	303432.00	662280.00
2017/01/25	4116	4130	4046	4075	446408.00	650518.00
2017/01/26	4073	4080	4020	4025	396474.00	641770.00
2017/02/03	4120	4125	4092	4095	221832.00	601966.00
2017/02/06	4091	4152	4082	4150	514068.00	625786.00
2017/02/07	4159	4173	4142	4162	369010.00	639496.00
2017/02/08	4163	4187	4148	4163	428594.00	650776.00
2017/02/09	4182	4202	4165	4170	423838.00	654004.00
2017/02/10	4177	4193	4143	4150	424812.00	644578.00
2017/02/13	4152	4247	4150	4229	870748.00	759940.00
