2012/05/10	6190	6196	6082	6140	259996.00	33726.00
2012/05/11	6110	6115	6000	6002	206804.00	55020.00
2012/05/14	6040	6045	5960	5976	207668.00	57028.00
2012/05/15	5895	5910	5711	5842	445150.00	82238.00
2012/05/16	5750	5786	5643	5647	599202.00	108376.00
2012/05/17	5705	5787	5691	5763	558288.00	89738.00
2012/05/18	5808	5881	5768	5863	695576.00	92162.00
2012/05/21	5957	5964	5903	5940	405766.00	97686.00
2012/05/22	5920	5930	5882	5890	371088.00	90716.00
2012/05/23	5800	5818	5759	5791	300170.00	90202.00
2012/05/24	5785	5838	5766	5832	301270.00	85938.00
2012/05/25	5858	5912	5804	5904	420278.00	92544.00
2012/05/28	5940	5992	5916	5986	381418.00	94920.00
2012/05/29	5933	5982	5922	5962	349920.00	93104.00
2012/05/30	5817	5855	5798	5801	349610.00	94548.00
2012/05/31	5836	5878	5826	5851	365958.00	85856.00
2012/06/01	5800	5840	5771	5832	296984.00	86528.00
2012/06/04	5923	5998	5901	5949	393688.00	87274.00
2012/06/05	5954	5985	5921	5931	323394.00	87988.00
2012/06/06	6001	6092	5991	6088	343846.00	89946.00
2012/06/07	6145	6154	6110	6134	272726.00	91644.00
2012/06/08	6005	6023	5905	5935	316480.00	79718.00
2012/06/11	6054	6099	6031	6062	207094.00	77300.00
2012/06/12	5992	6038	5978	5989	243702.00	87952.00
2012/06/13	6050	6083	6040	6083	184636.00	80188.00
2012/06/14	6068	6128	6061	6080	189246.00	82052.00
2012/06/15	6050	6085	6032	6070	208546.00	80836.00
2012/06/18	6087	6095	6003	6010	309918.00	99022.00
2012/06/19	6058	6080	6045	6061	168258.00	76972.00
2012/06/20	5996	6029	5990	6010	175782.00	83302.00
2012/06/21	5900	5925	5893	5911	141540.00	75606.00
2012/06/25	5700	5742	5691	5716	162514.00	89926.00
2012/06/26	5830	5830	5783	5791	139496.00	83698.00
2012/06/27	5767	5771	5725	5745	134318.00	90242.00
2012/06/28	5778	5782	5733	5736	120340.00	88594.00
2012/06/29	5651	5764	5632	5751	234654.00	83390.00
2012/07/02	5831	5835	5785	5796	156980.00	73088.00
2012/07/03	5820	5915	5810	5908	186102.00	68056.00
2012/07/04	5952	5979	5932	5948	133860.00	61944.00
2012/07/05	5960	5995	5944	5994	118224.00	64576.00
2012/07/06	5929	5932	5864	5872	148200.00	64902.00
2012/07/09	5790	5832	5782	5808	141662.00	71908.00
2012/07/10	5813	5834	5795	5798	100886.00	69612.00
2012/07/11	5755	5780	5750	5775	95462.00	69574.00
2012/07/12	5774	5779	5728	5743	113558.00	77556.00
2012/07/13	5770	5830	5764	5828	96864.00	69344.00
2012/07/16	5810	5834	5787	5828	90630.00	63190.00
2012/07/17	5845	5877	5812	5830	104858.00	59076.00
2012/07/18	5835	5838	5780	5811	76044.00	57180.00
2012/07/19	5815	5828	5797	5822	64602.00	55478.00
2012/07/20	5809	5811	5787	5799	61744.00	54728.00
2012/07/23	5806	5808	5755	5761	60596.00	50946.00
2012/07/24	5796	5822	5792	5794	63916.00	53654.00
2012/07/25	5784	5817	5740	5740	81420.00	64072.00
2012/07/26	5840	5886	5820	5872	100676.00	55172.00
2012/07/27	5862	5932	5862	5927	83740.00	57758.00
2012/07/30	5923	5925	5887	5893	66076.00	53020.00
2012/07/31	5978	6044	5972	6024	124084.00	61994.00
2012/08/01	5965	5992	5949	5990	76542.00	60402.00
2012/08/02	5880	5910	5880	5896	67152.00	60746.00
2012/08/03	5866	5868	5842	5862	54240.00	62202.00
2012/08/06	5970	5972	5941	5952	48632.00	58854.00
2012/08/07	5966	5974	5956	5966	38914.00	58194.00
2012/08/08	5999	5999	5953	5955	56720.00	60102.00
2012/08/09	5988	6022	5980	6020	70034.00	69126.00
2012/08/10	6005	6006	5961	5976	56594.00	65498.00
2012/08/13	6004	6024	5986	5995	78452.00	68494.00
2012/08/14	5974	5980	5944	5976	62094.00	63982.00
2012/08/15	5961	5969	5950	5953	42428.00	62360.00
2012/08/16	5969	5978	5945	5952	40694.00	64478.00
2012/08/17	6016	6037	6003	6031	58038.00	70790.00
2012/08/20	6000	6034	5996	6019	53440.00	71480.00
2012/08/21	6100	6158	6094	6148	119104.00	91262.00
2012/08/22	6208	6266	6202	6260	112388.00	102880.00
2012/08/23	6337	6565	6333	6526	418584.00	151188.00
2012/08/24	6518	6548	6459	6487	313812.00	155740.00
2012/08/27	6588	6708	6585	6631	469970.00	161640.00
2012/08/28	6551	6575	6516	6566	226954.00	168502.00
2012/08/29	6569	6624	6560	6620	305838.00	176832.00
2012/08/30	6580	6587	6525	6573	251916.00	171226.00
2012/08/31	6500	6504	6463	6494	208992.00	156164.00
2012/09/03	6731	6849	6730	6820	309066.00	196858.00
2012/09/04	6900	6932	6837	6876	270772.00	190506.00
2012/09/05	6869	6904	6855	6879	198896.00	201866.00
2012/09/06	6900	7072	6889	7043	504852.00	261088.00
2012/09/07	6986	7006	6802	6874	566630.00	196494.00
2012/09/10	7182	7272	7175	7213	382854.00	208422.00
2012/09/11	7170	7195	7115	7188	361810.00	205490.00
2012/09/12	7200	7221	7166	7183	283694.00	212072.00
2012/09/13	7109	7123	7051	7056	261606.00	207530.00
2012/09/14	7450	7506	7356	7384	421404.00	201770.00
2012/09/17	7399	7405	7342	7352	225840.00	204484.00
2012/09/18	7275	7295	7220	7289	251114.00	197726.00
2012/09/19	7374	7438	7300	7435	388030.00	217028.00
2012/09/20	7367	7405	7283	7307	382430.00	211416.00
2012/09/21	7396	7419	7364	7409	305904.00	222722.00
2012/09/24	7254	7258	7098	7165	333096.00	190172.00
2012/09/25	7215	7220	7123	7159	223366.00	190490.00
2012/09/26	7120	7193	7118	7150	214708.00	175276.00
2012/09/27	7175	7237	7168	7234	264536.00	190514.00
2012/09/28	7370	7405	7310	7378	228456.00	194762.00
2012/10/08	7256	7264	7035	7107	325632.00	164834.00
2012/10/09	7135	7163	7098	7105	203654.00	174780.00
2012/10/10	7050	7091	7022	7078	206778.00	179800.00
2012/10/11	7058	7140	7047	7120	251396.00	178322.00
2012/10/12	7094	7143	7065	7081	226352.00	172310.00
2012/10/15	6880	6924	6865	6884	203468.00	164562.00
2012/10/16	6822	6873	6807	6868	204062.00	158638.00
2012/10/17	6900	6906	6860	6863	147290.00	153288.00
2012/10/18	6871	6915	6839	6883	182880.00	157806.00
2012/10/19	6832	6848	6758	6759	199004.00	159818.00
2012/10/22	6667	6749	6663	6746	161502.00	147380.00
2012/10/23	6747	6770	6704	6718	190198.00	146950.00
2012/10/24	6682	6739	6668	6739	211926.00	162046.00
2012/10/25	6730	6833	6713	6807	368844.00	194746.00
2012/10/26	6801	6829	6639	6680	344532.00	161058.00
2012/10/29	6768	6780	6717	6721	237754.00	153130.00
2012/10/30	6710	6724	6670	6708	195374.00	146494.00
2012/10/31	6705	6730	6682	6719	152548.00	129826.00
2012/11/01	6778	6846	6755	6834	176210.00	101262.00
2012/11/02	6852	6860	6703	6752	253004.00	120466.00
2012/11/05	6579	6606	6495	6520	268620.00	139982.00
2012/11/06	6552	6580	6536	6567	167174.00	141346.00
2012/11/07	6671	6785	6648	6754	358534.00	151044.00
2012/11/08	6656	6712	6655	6681	206414.00	146752.00
2012/11/09	6750	6809	6746	6772	262132.00	148658.00
2012/11/12	6835	6848	6765	6819	250436.00	159026.00
2012/11/13	6725	6741	6688	6732	187232.00	147958.00
2012/11/14	6800	6818	6767	6816	181226.00	167534.00
2012/11/15	6775	6809	6766	6782	173616.00	167102.00
2012/11/16	6788	6796	6702	6728	215194.00	171700.00
2012/11/19	6745	6805	6741	6786	192192.00	166400.00
2012/11/20	6867	6907	6853	6882	218090.00	167562.00
2012/11/21	6879	6879	6816	6845	159308.00	169350.00
2012/11/22	6913	6938	6884	6884	149390.00	174764.00
2012/11/23	6888	6933	6855	6926	157372.00	178384.00
2012/11/26	7010	7048	6985	7036	225962.00	209548.00
2012/11/27	7058	7073	7020	7029	203708.00	202130.00
2012/11/28	7005	7012	6932	6967	208008.00	191720.00
2012/11/29	6940	6944	6875	6881	202262.00	191282.00
2012/11/30	6980	6993	6943	6978	210734.00	179718.00
2012/12/03	6880	6880	6804	6815	237572.00	183022.00
2012/12/04	6801	6801	6695	6716	251742.00	175582.00
2012/12/05	6671	6743	6661	6737	222312.00	166084.00
2012/12/06	6709	6718	6625	6640	242694.00	167480.00
2012/12/07	6704	6722	6671	6689	166778.00	161794.00
2012/12/10	6716	6759	6714	6744	135758.00	150680.00
2012/12/11	6712	6714	6671	6711	124312.00	145252.00
2012/12/12	6684	6724	6677	6709	127032.00	140054.00
2012/12/13	6720	6720	6584	6601	182722.00	139246.00
2012/12/14	6551	6618	6542	6583	130600.00	123770.00
2012/12/17	6780	6841	6732	6780	268600.00	135466.00
2012/12/18	6805	6881	6804	6876	295492.00	159292.00
2012/12/19	6744	6750	6692	6709	246968.00	147928.00
2012/12/20	6609	6629	6563	6604	233014.00	153478.00
2012/12/21	6388	6393	6308	6334	345726.00	184338.00
2012/12/24	6350	6418	6335	6402	262286.00	188300.00
2012/12/25	6350	6380	6302	6317	244092.00	194784.00
2012/12/26	6335	6355	6313	6328	210832.00	199664.00
2012/12/27	6331	6396	6318	6359	277830.00	206302.00
2012/12/28	6393	6443	6392	6417	229654.00	200774.00
2012/12/31	6438	6458	6381	6427	208232.00	201872.00
2013/01/04	6306	6307	6193	6226	258306.00	214758.00
2013/01/07	6330	6433	6321	6392	288146.00	206106.00
2013/01/08	6418	6420	6358	6371	195804.00	207996.00
2013/01/09	6416	6438	6402	6429	174856.00	204540.00
2013/01/10	6398	6427	6378	6425	142480.00	206606.00
2013/01/11	6490	6515	6458	6469	208212.00	207524.00
2013/01/14	6419	6492	6409	6479	173020.00	219970.00
2013/01/15	6555	6592	6506	6545	264790.00	222448.00
2013/01/16	6630	6632	6585	6599	178166.00	214850.00
2013/01/17	6612	6612	6555	6580	150812.00	205140.00
2013/01/18	6632	6665	6619	6663	183112.00	208860.00
2013/01/21	6681	6698	6648	6651	151058.00	204884.00
2013/01/22	6675	6707	6665	6694	145342.00	203428.00
2013/01/23	6710	6715	6675	6686	93064.00	199808.00
2013/01/24	6623	6655	6588	6602	159904.00	193888.00
2013/01/25	6538	6582	6534	6573	122532.00	189640.00
2013/01/28	6503	6515	6483	6503	106206.00	189740.00
2013/01/29	6480	6518	6466	6516	134520.00	192032.00
2013/01/30	6530	6550	6530	6538	105238.00	194098.00
2013/01/31	6632	6669	6625	6666	119448.00	190944.00
2013/02/01	6560	6562	6530	6556	136754.00	201918.00
2013/02/04	6598	6633	6581	6607	142104.00	204394.00
2013/02/05	6594	6626	6583	6618	119484.00	200330.00
2013/02/06	6619	6622	6585	6597	88676.00	201450.00
2013/02/07	6611	6633	6596	6602	106976.00	195180.00
2013/02/08	6530	6570	6500	6552	98408.00	195676.00
2013/02/18	6289	6294	6242	6270	136064.00	210238.00
2013/02/19	6267	6288	6260	6275	93268.00	220772.00
2013/02/20	6203	6222	6180	6207	167676.00	255642.00
2013/02/21	6088	6088	5952	5992	260814.00	265654.00
2013/02/22	6026	6056	6018	6046	148990.00	257060.00
2013/02/25	6019	6074	6000	6044	160606.00	254796.00
2013/02/26	6075	6108	6036	6045	160482.00	254654.00
2013/02/27	6140	6142	6096	6112	140766.00	246488.00
2013/02/28	6086	6096	6075	6080	104102.00	247858.00
2013/03/01	5999	6016	5964	5992	134078.00	256610.00
2013/03/04	6045	6050	6003	6028	120306.00	253010.00
2013/03/05	6024	6094	6015	6089	147038.00	266720.00
2013/03/06	6045	6093	6045	6062	158216.00	269176.00
2013/03/07	6098	6100	6058	6074	134436.00	256576.00
2013/03/08	6063	6070	6025	6044	131012.00	264348.00
2013/03/11	6070	6096	6058	6090	132830.00	252768.00
2013/03/12	6081	6086	6045	6045	96506.00	250538.00
2013/03/13	6100	6100	6071	6085	131258.00	254510.00
2013/03/14	6049	6049	5940	6014	198510.00	238228.00
2013/03/15	6014	6041	5991	6030	136176.00	245058.00
2013/03/18	6039	6040	5933	5979	218586.00	245904.00
2013/03/19	6010	6021	5990	6020	104700.00	233230.00
2013/03/20	6013	6028	5985	6019	102868.00	235130.00
2013/03/21	5980	6026	5971	6016	127120.00	243874.00
2013/03/22	6057	6060	6032	6044	115434.00	232204.00
2013/03/25	5970	6012	5964	5984	113320.00	245632.00
2013/03/26	5985	5997	5962	5971	105996.00	237556.00
2013/03/27	5983	5987	5836	5842	319702.00	299622.00
2013/03/28	5917	5962	5908	5932	250694.00	230978.00
2013/03/29	5850	5870	5791	5832	176690.00	240292.00
2013/04/01	5831	5838	5730	5737	201872.00	245178.00
2013/04/02	5781	5795	5741	5764	172648.00	236768.00
2013/04/03	5610	5611	5538	5547	261454.00	246532.00
2013/04/08	5619	5640	5591	5627	176572.00	227208.00
2013/04/09	5610	5665	5609	5661	162138.00	228744.00
2013/04/10	5752	5765	5730	5765	151478.00	226972.00
2013/04/11	5664	5690	5644	5659	158282.00	219680.00
2013/04/12	5690	5690	5662	5672	100244.00	215596.00
2013/04/15	5334	5334	5334	5334	14618.00	210542.00
2013/04/16	4853	4853	4853	4853	56066.00	193570.00
2013/04/17	4840	4883	4725	4764	612936.00	183914.00
2013/04/18	4672	4746	4526	4710	659300.00	172780.00
2013/04/19	4702	4842	4686	4788	477892.00	158322.00
2013/04/22	4770	4798	4724	4735	304622.00	165912.00
2013/04/23	4735	4759	4551	4587	528696.00	189518.00
2013/04/24	4618	4722	4579	4690	496746.00	162964.00
2013/04/25	4693	4743	4664	4693	363126.00	143814.00
2013/04/26	4943	5030	4873	4885	406698.00	124786.00
2013/05/02	4735	4763	4682	4742	213340.00	117446.00
2013/05/03	4760	4856	4749	4854	232054.00	119630.00
2013/05/06	4890	4964	4820	4845	173466.00	114024.00
2013/05/07	4932	4945	4789	4802	543370.00	202412.00
2013/05/08	4860	4904	4832	4882	456092.00	192834.00
2013/05/09	4860	4965	4858	4928	503712.00	165516.00
2013/05/10	4850	4920	4830	4919	387560.00	174654.00
2013/05/13	4890	4925	4840	4846	448140.00	191524.00
2013/05/14	4880	4898	4846	4851	359648.00	197280.00
2013/05/15	4801	4818	4693	4701	552498.00	258702.00
2013/05/16	4659	4690	4624	4656	570488.00	275932.00
2013/05/17	4671	4696	4625	4632	558146.00	285722.00
2013/05/20	4450	4535	4383	4422	842816.00	286228.00
2013/05/21	4650	4698	4581	4664	802662.00	237546.00
2013/05/22	4640	4662	4602	4650	479390.00	228884.00
2013/05/23	4558	4585	4515	4579	561584.00	235464.00
2013/05/24	4600	4636	4568	4603	464634.00	230814.00
2013/05/27	4572	4654	4560	4644	352650.00	229820.00
2013/05/28	4618	4644	4605	4611	327356.00	225094.00
2013/05/29	4603	4615	4542	4544	523550.00	248654.00
2013/05/30	4580	4646	4570	4633	479300.00	226530.00
2013/05/31	4649	4687	4641	4668	327216.00	205674.00
2013/06/03	4610	4624	4580	4601	296834.00	207604.00
2013/06/04	4656	4665	4617	4625	235944.00	210678.00
2013/06/05	4616	4644	4592	4627	277668.00	210758.00
2013/06/06	4610	4616	4570	4582	226454.00	212580.00
2013/06/07	4638	4664	4625	4633	260218.00	184518.00
2013/06/13	4463	4510	4460	4493	215416.00	190272.00
2013/06/14	4490	4494	4452	4465	210800.00	203200.00
2013/06/17	4501	4515	4491	4492	149758.00	200076.00
2013/06/18	4490	4499	4462	4473	187186.00	220982.00
2013/06/19	4460	4469	4421	4464	236998.00	227010.00
2013/06/20	4368	4376	4228	4293	298892.00	250684.00
2013/06/21	4080	4120	4080	4082	304670.00	241040.00
2013/06/24	4122	4130	3984	3998	500922.00	249028.00
2013/06/25	4020	4045	3981	4022	442052.00	239350.00
2013/06/26	4006	4011	3797	3856	1142838.00	290462.00
2013/06/27	3832	3874	3795	3838	849368.00	281474.00
2013/06/28	3769	3865	3710	3839	1111408.00	272408.00
2013/07/01	3955	4034	3926	4034	896516.00	247566.00
2013/07/02	4030	4044	3990	4038	647658.00	247418.00
2013/07/03	3998	4019	3971	4006	586626.00	241134.00
2013/07/04	4036	4040	4005	4008	342352.00	233452.00
2013/07/05	4000	4008	3892	3918	917482.00	283586.00
2013/07/08	3869	3874	3812	3826	1939664.00	295128.00
2013/07/09	3900	3985	3872	3940	1773534.00	293266.00
2013/07/10	3917	3932	3866	3904	1997926.00	298810.00
2013/07/11	3924	4140	3890	4076	2227978.00	312686.00
2013/07/12	4089	4103	4019	4031	1985888.00	309352.00
2013/07/15	4033	4110	4030	4050	1938500.00	316494.00
2013/07/16	4034	4060	4006	4044	1565754.00	301828.00
2013/07/17	4060	4077	4032	4049	1512418.00	283814.00
2013/07/18	4072	4093	3914	3939	2875250.00	344550.00
2013/07/19	3963	3992	3912	3942	3087694.00	343310.00
2013/07/22	3953	4072	3945	4052	2064822.00	328462.00
2013/07/23	4122	4134	4079	4088	1995634.00	308580.00
2013/07/24	4068	4119	4065	4100	1492750.00	316984.00
2013/07/25	4070	4086	4040	4059	1668404.00	314184.00
2013/07/26	4068	4086	4051	4056	1051696.00	298806.00
2013/07/29	4010	4030	3953	3960	1780284.00	348344.00
2013/07/30	3995	3995	3947	3951	1271962.00	361666.00
2013/07/31	3964	4009	3935	3990	1438120.00	334168.00
2013/08/01	3961	3979	3911	3941	2428990.00	355080.00
2013/08/02	3968	3969	3869	3887	1928122.00	378464.00
2013/08/05	4018	4030	3972	3991	1808828.00	341410.00
2013/08/06	3950	3964	3927	3945	1154302.00	364330.00
2013/08/07	3946	3947	3892	3918	1056722.00	370348.00
2013/08/08	3900	4005	3897	3972	1369088.00	363770.00
2013/08/09	4003	4088	3991	4046	2204684.00	374752.00
2013/08/12	4055	4279	4047	4259	3397322.00	413778.00
2013/08/13	4249	4383	4249	4355	2750170.00	466774.00
2013/08/14	4357	4378	4300	4308	4039498.00	478218.00
2013/08/15	4358	4474	4326	4431	3774164.00	474152.00
2013/08/16	4385	4648	4376	4628	4233794.00	443220.00
2013/08/19	4620	4759	4610	4650	5088030.00	464844.00
2013/08/20	4650	4671	4455	4533	5042070.00	464134.00
2013/08/21	4610	4654	4555	4597	4948762.00	469890.00
2013/08/22	4611	4625	4528	4592	4599914.00	484708.00
2013/08/23	4628	4668	4591	4645	3426000.00	470834.00
2013/08/26	4638	4913	4635	4904	5119342.00	475770.00
2013/08/27	4896	4985	4851	4914	5141320.00	500642.00
2013/08/28	4990	5103	4971	5062	4964648.00	572410.00
2013/08/29	5066	5085	4736	4848	6379402.00	446092.00
2013/08/30	4866	4866	4736	4760	5609278.00	478076.00
2013/09/02	4730	4936	4685	4903	5498110.00	495464.00
2013/09/03	4901	4919	4846	4882	3789120.00	505264.00
2013/09/04	4945	4966	4796	4847	4064880.00	560402.00
2013/09/05	4760	4790	4672	4717	3873272.00	544046.00
2013/09/06	4734	4739	4662	4719	4127394.00	554414.00
2013/09/09	4800	4840	4782	4821	3240356.00	514166.00
2013/09/10	4776	4821	4703	4738	3133352.00	544340.00
2013/09/11	4682	4714	4606	4684	3805662.00	544422.00
2013/09/12	4668	4692	4604	4606	2774396.00	555910.00
2013/09/13	4450	4489	4382	4415	3534604.00	485938.00
2013/09/16	4443	4512	4379	4414	3789360.00	533336.00
2013/09/17	4405	4478	4401	4455	3682646.00	535920.00
2013/09/18	4422	4443	4337	4419	3723242.00	472906.00
2013/09/23	4400	4426	4215	4396	1706022.00	463634.00
2013/09/24	4391	4468	4385	4392	3469360.00	488268.00
2013/09/25	4325	4437	4316	4409	3210934.00	483276.00
2013/09/26	4383	4443	4379	4398	2829900.00	443136.00
2013/09/27	4432	4433	4358	4362	2117576.00	395604.00
2013/09/30	4410	4418	4374	4400	1342150.00	314850.00
2013/10/08	4490	4545	4473	4532	863480.00	359980.00
2013/10/09	4532	4553	4506	4516	1806840.00	417220.00
2013/10/10	4438	4466	4423	4437	1773790.00	418980.00
2013/10/11	4443	4454	4364	4367	1823428.00	461552.00
2013/10/14	4305	4348	4282	4331	2306044.00	465370.00
2013/10/15	4355	4361	4260	4279	2030902.00	503742.00
2013/10/16	4247	4335	4246	4329	2678470.00	478422.00
2013/10/17	4324	4383	4280	4281	3397410.00	486870.00
2013/10/18	4410	4431	4378	4430	2315668.00	431834.00
2013/10/21	4430	4508	4413	4496	1885758.00	466234.00
2013/10/22	4497	4517	4461	4477	1854220.00	457564.00
2013/10/23	4518	4605	4513	4578	2799262.00	476372.00
2013/10/24	4585	4597	4550	4584	2160304.00	455274.00
2013/10/25	4581	4595	4494	4512	1956162.00	368684.00
2013/10/28	4508	4555	4475	4517	2382762.00	379528.00
2013/10/29	4517	4537	4497	4534	1832958.00	370668.00
2013/10/30	4520	4573	4492	4563	1973714.00	407518.00
2013/10/31	4600	4636	4457	4483	2674172.00	319214.00
2013/11/01	4395	4434	4383	4412	1662600.00	303770.00
2013/11/04	4401	4413	4366	4375	1463956.00	316190.00
2013/11/05	4400	4413	4351	4374	1247130.00	298924.00
2013/11/06	4380	4392	4361	4387	1090478.00	309362.00
2013/11/07	4420	4425	4380	4416	1097966.00	300662.00
2013/11/08	4434	4438	4310	4385	1923370.00	281928.00
2013/11/11	4387	4419	4311	4325	2084728.00	319704.00
2013/11/12	4321	4332	4263	4300	1200020.00	329096.00
2013/11/13	4300	4309	4203	4233	1642810.00	349446.00
2013/11/14	4245	4282	4205	4257	1788150.00	333870.00
2013/11/15	4243	4273	4229	4242	1593220.00	331208.00
2013/11/18	4245	4255	4224	4244	1010004.00	295596.00
2013/11/19	4220	4232	4157	4184	1248374.00	313452.00
2013/11/20	4200	4233	4184	4227	1260504.00	299168.00
2013/11/21	4202	4220	4123	4146	1534776.00	256518.00
2013/11/22	4155	4167	4133	4146	986980.00	233232.00
2013/11/25	4150	4165	4092	4098	874790.00	240300.00
2013/11/26	4117	4181	4096	4169	930452.00	166420.00
2013/11/27	4145	4158	4137	4154	559096.00	143514.00
2013/11/28	4155	4164	4120	4136	384024.00	111684.00
2013/11/29	4152	4162	4132	4147	616656.00	341668.00
2013/12/02	4200	4200	4150	4170	935634.00	376868.00
2013/12/03	4146	4151	4061	4078	1435238.00	465478.00
2013/12/04	4074	4079	4043	4063	1531380.00	493428.00
2013/12/05	4082	4150	4063	4114	2001458.00	478288.00
2013/12/06	4095	4143	4075	4122	2343196.00	511952.00
2013/12/09	4116	4181	4083	4152	3018118.00	562338.00
2013/12/10	4153	4236	4152	4232	2048834.00	613734.00
2013/12/11	4251	4294	4248	4276	2453760.00	597932.00
2013/12/12	4267	4310	4263	4281	2052732.00	606276.00
2013/12/13	4193	4203	4084	4102	3156432.00	598110.00
2013/12/16	4118	4144	4104	4116	2245612.00	594870.00
2013/12/17	4128	4272	4126	4219	4046964.00	594490.00
2013/12/18	4196	4247	4152	4205	3755048.00	618996.00
2013/12/19	4201	4234	4095	4138	3439356.00	651792.00
2013/12/20	4080	4092	4046	4059	2712018.00	672522.00
2013/12/23	4065	4130	4055	4101	2783272.00	702166.00
2013/12/24	4114	4125	4065	4076	1930942.00	699852.00
2013/12/25	4084	4113	4070	4102	1564986.00	652948.00
2013/12/26	4106	4115	4082	4099	1179044.00	649654.00
2013/12/27	4104	4202	4101	4196	2904058.00	676200.00
2013/12/30	4184	4233	4149	4159	2886732.00	648554.00
2013/12/31	4140	4174	4079	4099	2712884.00	625272.00
2014/01/02	4118	4226	4117	4213	1602996.00	668218.00
2014/01/03	4196	4238	4175	4213	2761576.00	625652.00
2014/01/06	4215	4250	4181	4194	2672588.00	601888.00
2014/01/07	4181	4225	4171	4193	2765338.00	607500.00
2014/01/08	4170	4187	4080	4088	3285602.00	640120.00
2014/01/09	4100	4117	4010	4050	3737784.00	622260.00
2014/01/10	4062	4117	4026	4084	3293378.00	589882.00
2014/01/13	4098	4203	4054	4144	4218540.00	603216.00
2014/01/14	4135	4205	4096	4178	3671768.00	603400.00
2014/01/15	4167	4212	4125	4142	3981698.00	591432.00
2014/01/16	4118	4164	4107	4139	3026456.00	581086.00
2014/01/17	4125	4163	4120	4143	2169836.00	573502.00
2014/01/20	4151	4188	4146	4178	2118776.00	583554.00
2014/01/21	4185	4193	4142	4152	1309466.00	569326.00
2014/01/22	4102	4115	4071	4090	2258252.00	559418.00
2014/01/23	4099	4106	4051	4073	1559286.00	576600.00
2014/01/24	4123	4155	4112	4124	2530326.00	523948.00
2014/01/27	4159	4164	4079	4102	2117330.00	538122.00
2014/01/28	4100	4115	4077	4102	1812776.00	515202.00
2014/01/29	4101	4103	4064	4085	1319710.00	489422.00
2014/01/30	4098	4112	4040	4061	1210638.00	455972.00
2014/02/07	4130	4131	4078	4096	412980.00	414250.00
2014/02/10	4100	4153	4080	4149	1950536.00	540492.00
2014/02/11	4168	4176	4122	4133	1735816.00	533038.00
2014/02/12	4150	4154	4103	4135	2295082.00	522826.00
2014/02/13	4150	4157	4129	4136	1665284.00	529180.00
2014/02/14	4144	4250	4135	4249	2480476.00	656584.00
2014/02/17	4305	4440	4285	4440	2727756.00	687998.00
2014/02/18	4441	4483	4384	4412	3059920.00	668884.00
2014/02/19	4399	4469	4385	4432	3714632.00	705584.00
2014/02/20	4439	4462	4353	4388	3578102.00	665272.00
2014/02/21	4383	4421	4371	4394	2749468.00	648202.00
2014/02/24	4407	4425	4333	4408	3120350.00	638146.00
2014/02/25	4450	4461	4405	4409	3345578.00	624978.00
2014/02/26	4400	4468	4383	4441	3540346.00	658932.00
2014/02/27	4387	4387	4251	4283	4259772.00	519400.00
2014/02/28	4305	4325	4272	4282	3056448.00	520868.00
2014/03/03	4296	4350	4275	4334	2660878.00	512046.00
2014/03/04	4325	4357	4281	4288	2896910.00	523980.00
2014/03/05	4270	4304	4262	4287	2443770.00	508548.00
2014/03/06	4287	4304	4266	4282	1893578.00	500426.00
2014/03/07	4278	4354	4275	4332	2508262.00	490464.00
2014/03/10	4305	4322	4138	4165	3954986.00	500478.00
2014/03/11	4193	4229	4170	4194	2024496.00	450194.00
2014/03/12	4234	4266	4150	4234	3141810.00	438114.00
2014/03/13	4241	4317	4229	4275	2800848.00	451802.00
2014/03/14	4246	4286	4240	4269	2155606.00	432938.00
2014/03/17	4365	4388	4269	4306	2785618.00	443654.00
2014/03/18	4299	4308	4221	4244	2231534.00	450540.00
2014/03/19	4160	4231	4156	4211	2067478.00	454298.00
2014/03/20	4186	4247	4164	4192	3038494.00	417624.00
2014/03/21	4135	4191	4131	4170	1831372.00	404796.00
2014/03/24	4185	4196	4138	4152	1428226.00	421680.00
2014/03/25	4147	4153	4110	4141	1826138.00	452282.00
2014/03/26	4138	4165	4126	4164	1562460.00	450210.00
2014/03/27	4150	4155	4102	4128	1823344.00	455770.00
2014/03/28	4122	4144	4112	4139	1343874.00	446894.00
2014/03/31	4134	4158	4121	4128	1328368.00	439028.00
2014/04/01	4131	4146	4091	4117	1288606.00	445658.00
2014/04/02	4122	4129	4110	4125	906920.00	438552.00
2014/04/03	4145	4148	4120	4139	989192.00	424480.00
2014/04/04	4116	4126	4112	4121	742022.00	417046.00
2014/04/08	4127	4170	4121	4164	510158.00	441038.00
2014/04/09	4170	4177	4151	4155	882738.00	460368.00
2014/04/10	4100	4170	4099	4157	1072752.00	433342.00
2014/04/11	4174	4176	4142	4148	997636.00	445700.00
2014/04/14	4148	4170	4145	4166	806212.00	445256.00
2014/04/15	4151	4167	4107	4109	1041368.00	519606.00
2014/04/16	4050	4078	4037	4064	1509138.00	530132.00
2014/04/17	4082	4084	4051	4057	965550.00	520278.00
2014/04/18	4064	4068	4042	4051	643384.00	473128.00
2014/04/21	4051	4059	3972	3990	853788.00	512168.00
2014/04/22	4001	4024	3980	4011	979376.00	465820.00
2014/04/23	4009	4035	3996	4017	941766.00	448592.00
2014/04/24	4016	4031	4007	4028	644956.00	421470.00
2014/04/25	3996	4177	3993	4070	2221006.00	383052.00
2014/04/28	4085	4120	4079	4104	1450404.00	372322.00
2014/04/29	4117	4118	4075	4076	1101274.00	367922.00
2014/04/30	4080	4091	4055	4065	758010.00	312166.00
2014/05/05	4083	4108	4070	4096	250258.00	285118.00
2014/05/06	4108	4113	4077	4097	560348.00	285340.00
2014/05/07	4101	4108	4093	4102	479156.00	264616.00
2014/05/08	4089	4092	4040	4055	773628.00	280466.00
2014/05/09	4045	4063	4030	4056	531224.00	266262.00
2014/05/12	4056	4091	4047	4087	595978.00	255388.00
2014/05/13	4112	4126	4086	4098	428242.00	239240.00
2014/05/14	4109	4119	4094	4116	356140.00	374128.00
2014/05/15	4165	4169	4128	4136	655744.00	386500.00
2014/05/16	4115	4123	4082	4086	707062.00	393750.00
2014/05/19	4080	4119	4072	4116	662404.00	413652.00
2014/05/20	4126	4128	4081	4092	709702.00	420414.00
2014/05/21	4082	4127	4077	4113	911236.00	404148.00
2014/05/22	4098	4133	4094	4131	825028.00	414124.00
2014/05/23	4144	4145	4105	4128	772024.00	405660.00
2014/05/26	4122	4129	4111	4121	472584.00	401144.00
2014/05/27	4123	4126	4085	4086	463534.00	445944.00
2014/05/28	4066	4076	4046	4066	942616.00	451574.00
2014/05/29	4071	4073	4016	4021	898466.00	481452.00
2014/05/30	4024	4057	4023	4055	837394.00	454228.00
2014/06/03	4030	4040	3982	4038	312156.00	462664.00
2014/06/04	4029	4044	4019	4036	577894.00	470086.00
2014/06/05	4039	4049	4029	4041	537656.00	469398.00
2014/06/06	4072	4083	4055	4070	724202.00	453502.00
2014/06/09	4066	4073	4031	4057	723684.00	452176.00
2014/06/10	4063	4064	4046	4053	384502.00	438010.00
2014/06/11	4058	4080	4056	4074	459270.00	431786.00
2014/06/12	4077	4077	4049	4058	423912.00	423590.00
2014/06/13	4062	4130	4058	4121	1013246.00	428314.00
2014/06/16	4114	4182	4104	4156	929098.00	454052.00
2014/06/17	4150	4151	4106	4118	859212.00	425020.00
2014/06/18	4114	4144	4110	4125	701454.00	429202.00
2014/06/19	4125	4175	4123	4164	908184.00	452550.00
2014/06/20	4192	4368	4188	4335	3435902.00	550344.00
2014/06/23	4338	4392	4328	4357	2187908.00	559734.00
2014/06/24	4373	4373	4335	4360	1345170.00	565638.00
2014/06/25	4379	4390	4306	4339	1907538.00	532808.00
2014/06/26	4348	4378	4328	4335	1363994.00	495556.00
2014/06/27	4343	4384	4333	4346	1384210.00	509330.00
2014/06/30	4350	4366	4302	4319	1051206.00	482794.00
2014/07/01	4315	4368	4307	4332	1168864.00	462684.00
2014/07/02	4338	4360	4321	4342	1038612.00	452686.00
2014/07/03	4342	4369	4315	4328	1266292.00	448024.00
2014/07/04	4335	4358	4327	4353	1045254.00	471534.00
2014/07/07	4347	4356	4260	4286	860316.00	429458.00
2014/07/08	4296	4315	4277	4310	755290.00	421442.00
2014/07/09	4318	4334	4292	4323	1055534.00	426574.00
2014/07/10	4331	4360	4298	4334	1112624.00	447660.00
2014/07/11	4374	4425	4370	4421	1360226.00	492204.00
2014/07/14	4413	4420	4347	4353	965344.00	450420.00
2014/07/15	4340	4340	4307	4327	864812.00	424392.00
2014/07/16	4327	4345	4282	4298	1208670.00	438250.00
2014/07/17	4305	4322	4291	4312	642114.00	436108.00
2014/07/18	4311	4371	4303	4337	1039886.00	408420.00
2014/07/21	4315	4336	4293	4335	761380.00	409916.00
2014/07/22	4341	4342	4315	4328	674040.00	424142.00
2014/07/23	4338	4360	4323	4341	837118.00	447776.00
2014/07/24	4345	4350	4300	4321	711982.00	453200.00
2014/07/25	4325	4327	4251	4270	1405948.00	471708.00
2014/07/28	4277	4330	4258	4296	905170.00	445724.00
2014/07/29	4299	4301	4281	4292	585510.00	452170.00
2014/07/30	4311	4313	4270	4289	736204.00	451678.00
2014/07/31	4289	4309	4274	4307	649986.00	459330.00
2014/08/01	4295	4296	4265	4275	773312.00	448362.00
2014/08/04	4290	4313	4276	4289	745478.00	452688.00
2014/08/05	4288	4295	4243	4274	714512.00	487568.00
2014/08/06	4258	4258	4205	4212	1182886.00	528878.00
2014/08/07	4230	4255	4227	4237	781926.00	518338.00
2014/08/08	4230	4261	4218	4253	793116.00	542052.00
2014/08/11	4233	4243	4221	4229	586666.00	525458.00
2014/08/12	4240	4245	4231	4238	412464.00	516208.00
2014/08/13	4248	4250	4215	4237	506238.00	517884.00
2014/08/14	4238	4241	4194	4215	685780.00	520478.00
2014/08/15	4213	4227	4206	4216	453006.00	520626.00
2014/08/18	4154	4187	4113	4133	1198662.00	456528.00
2014/08/19	4139	4142	4122	4122	373316.00	455378.00
2014/08/20	4119	4120	4075	4108	795890.00	443216.00
2014/08/21	4108	4135	4084	4098	758432.00	455874.00
2014/08/22	4094	4134	4091	4122	508332.00	457348.00
2014/08/25	4110	4129	4103	4114	556536.00	467402.00
2014/08/26	4114	4149	4102	4146	474272.00	470556.00
2014/08/27	4155	4158	4116	4132	537758.00	469522.00
2014/08/28	4135	4175	4111	4169	666712.00	520354.00
2014/08/29	4179	4179	4148	4162	608892.00	515016.00
2014/09/01	4159	4174	4140	4152	446122.00	506372.00
2014/09/02	4140	4155	4119	4123	366706.00	504412.00
2014/09/03	4102	4116	4094	4111	602166.00	512322.00
2014/09/04	4103	4119	4102	4108	291490.00	518630.00
2014/09/05	4111	4142	4089	4105	619874.00	513006.00
2014/09/09	4100	4108	4082	4092	189744.00	516016.00
2014/09/10	4090	4124	4069	4114	621716.00	530836.00
2014/09/11	4103	4115	4088	4098	491756.00	530324.00
2014/09/12	4078	4087	4018	4057	1003966.00	574972.00
2014/09/15	4046	4062	4025	4058	581616.00	557522.00
2014/09/16	4051	4096	4044	4066	550474.00	534146.00
2014/09/17	4065	4089	4062	4081	540762.00	528930.00
2014/09/18	4075	4102	4039	4045	514266.00	530176.00
2014/09/19	4028	4088	4022	4053	826186.00	529512.00
2014/09/22	4057	4063	3810	3810	2427488.00	657136.00
2014/09/23	3817	3835	3762	3777	1902036.00	636940.00
2014/09/24	3799	3832	3782	3808	957134.00	617838.00
2014/09/25	3785	3807	3725	3751	1781956.00	642024.00
2014/09/26	3750	3856	3724	3822	1582578.00	588982.00
2014/09/29	3792	3847	3780	3816	903886.00	550866.00
2014/09/30	3820	3853	3814	3829	537308.00	530598.00
2014/10/08	3801	3828	3756	3799	510916.00	517530.00
2014/10/09	3803	3850	3780	3836	1040930.00	547246.00
2014/10/10	3832	3893	3813	3822	1334068.00	585140.00
2014/10/13	3827	3876	3805	3858	1121592.00	535076.00
2014/10/14	3838	3860	3828	3845	667994.00	535870.00
2014/10/15	3852	3860	3793	3795	947016.00	585078.00
2014/10/16	3828	3888	3821	3832	1609622.00	545682.00
2014/10/17	3820	3842	3792	3824	1147472.00	523572.00
2014/10/20	3817	3834	3805	3832	794282.00	527100.00
2014/10/21	3836	3847	3825	3840	716048.00	519968.00
2014/10/22	3860	3866	3832	3843	760392.00	495230.00
2014/10/23	3805	3818	3787	3799	930950.00	532458.00
2014/10/24	3801	3810	3783	3809	743580.00	530808.00
2014/10/27	3807	3815	3786	3789	683730.00	529962.00
2014/10/28	3793	3809	3776	3791	686952.00	495880.00
2014/10/29	3813	3822	3791	3807	588402.00	483832.00
2014/10/30	3791	3815	3708	3720	1240642.00	521242.00
2014/10/31	3670	3690	3584	3584	2100408.00	502700.00
2014/11/03	3510	3515	3433	3463	1936994.00	420604.00
2014/11/04	3480	3494	3449	3465	887822.00	396322.00
2014/11/05	3458	3470	3325	3335	1229546.00	392638.00
2014/11/06	3280	3329	3262	3288	1615292.00	365622.00
2014/11/07	3277	3306	3216	3291	1447944.00	351690.00
2014/11/10	3302	3419	3289	3377	1681528.00	288298.00
2014/11/11	3301	3332	3290	3305	1633212.00	481990.00
2014/11/12	3305	3357	3305	3344	1184294.00	483880.00
2014/11/13	3325	3350	3305	3325	1258154.00	498082.00
2014/11/14	3335	3354	3222	3243	1998724.00	583190.00
2014/11/17	3248	3456	3225	3440	4392426.00	503792.00
2014/11/18	3423	3455	3397	3427	2361452.00	463806.00
2014/11/19	3435	3446	3406	3429	1719892.00	464156.00
2014/11/20	3426	3487	3353	3405	3399466.00	472478.00
2014/11/21	3417	3432	3395	3429	1808744.00	467720.00
2014/11/24	3453	3503	3437	3452	2460648.00	473366.00
2014/11/25	3443	3473	3437	3472	1145936.00	475330.00
2014/11/26	3477	3483	3436	3462	1897038.00	488388.00
2014/11/27	3454	3462	3392	3436	1647784.00	508550.00
2014/11/28	3429	3430	3364	3375	1301338.00	539264.00
2014/12/01	3370	3384	3229	3229	2265360.00	552768.00
2014/12/02	3285	3548	3283	3455	5362976.00	454988.00
2014/12/03	3415	3496	3408	3462	4649196.00	453642.00
2014/12/04	3465	3497	3449	3481	2372274.00	446454.00
2014/12/05	3477	3538	3450	3501	3211152.00	452482.00
2014/12/08	3500	3529	3435	3464	3172562.00	454902.00
2014/12/09	3466	3505	3442	3502	1853536.00	452172.00
2014/12/10	3536	3638	3534	3638	3439846.00	486156.00
2014/12/11	3645	3720	3621	3636	4166320.00	479582.00
2014/12/12	3645	3683	3628	3655	2379500.00	495860.00
2014/12/15	3678	3689	3593	3648	2068550.00	484868.00
2014/12/16	3620	3632	3472	3492	2285282.00	457852.00
2014/12/17	3568	3577	3389	3442	4471222.00	432610.00
2014/12/18	3440	3502	3371	3474	3447224.00	397960.00
2014/12/19	3475	3514	3447	3475	2349256.00	414988.00
2014/12/22	3466	3496	3458	3493	1675818.00	439470.00
2014/12/23	3492	3492	3393	3414	2183162.00	455900.00
2014/12/24	3397	3474	3366	3429	1978900.00	440064.00
2014/12/25	3423	3428	3401	3414	935536.00	436764.00
2014/12/26	3416	3464	3413	3450	680196.00	423450.00
2014/12/29	3491	3497	3449	3475	1280768.00	405588.00
2014/12/30	3462	3492	3428	3456	1554396.00	411038.00
2014/12/31	3451	3580	3447	3522	2393764.00	392680.00
2015/01/05	3498	3516	3478	3507	513798.00	410420.00
2015/01/06	3490	3566	3462	3554	2199972.00	450158.00
2015/01/07	3544	3596	3530	3554	1865876.00	401974.00
2015/01/08	3540	3578	3537	3548	1434122.00	412464.00
2015/01/09	3568	3586	3544	3555	1415890.00	400170.00
2015/01/12	3545	3609	3520	3601	2522336.00	407230.00
2015/01/13	3577	3645	3571	3616	1816952.00	396296.00
2015/01/14	3635	3664	3570	3608	2630104.00	381950.00
2015/01/15	3592	3642	3556	3573	2546564.00	405240.00
2015/01/16	3635	3660	3613	3642	2161856.00	387826.00
2015/01/19	3638	3783	3633	3767	3544420.00	472114.00
2015/01/20	3770	3800	3745	3770	1461346.00	479754.00
2015/01/21	3822	3919	3787	3890	2675070.00	506162.00
2015/01/22	3887	3934	3798	3819	3079184.00	517020.00
2015/01/23	3843	3886	3822	3859	2627510.00	502324.00
2015/01/26	3865	3888	3814	3849	1834432.00	515488.00
2015/01/27	3836	3841	3763	3815	1982320.00	522960.00
2015/01/28	3815	3837	3793	3806	1463626.00	513360.00
2015/01/29	3817	3820	3750	3766	1446720.00	511160.00
2015/01/30	3713	3721	3564	3573	2849430.00	491344.00
2015/02/02	3593	3671	3551	3632	2755340.00	459730.00
2015/02/03	3620	3681	3603	3669	1905866.00	441120.00
2015/02/04	3668	3675	3612	3645	2230030.00	456476.00
2015/02/05	3654	3710	3649	3675	2235044.00	430468.00
2015/02/06	3655	3677	3628	3673	1745320.00	415498.00
2015/02/09	3675	3687	3566	3595	2979798.00	438030.00
2015/02/10	3606	3630	3593	3618	1248764.00	419950.00
2015/02/11	3607	3638	3590	3618	1462208.00	388998.00
2015/02/12	3615	3621	3557	3585	1601470.00	388184.00
2015/02/13	3599	3650	3582	3631	1544114.00	361214.00
2015/02/16	3623	3700	3620	3686	1663548.00	326706.00
2015/02/17	3676	3695	3655	3672	590260.00	311484.00
2015/02/25	3563	3603	3562	3590	392598.00	309022.00
2015/02/26	3588	3612	3578	3601	795474.00	339218.00
2015/02/27	3617	3628	3590	3606	956158.00	373818.00
2015/03/02	3592	3647	3580	3631	1381658.00	383840.00
2015/03/03	3624	3633	3488	3586	2033996.00	386932.00
2015/03/04	3591	3608	3548	3558	1798608.00	416432.00
2015/03/05	3560	3569	3516	3539	1485834.00	418416.00
2015/03/06	3535	3560	3513	3532	1089368.00	413392.00
2015/03/09	3524	3531	3434	3470	2174538.00	473530.00
2015/03/10	3462	3468	3422	3424	1283922.00	493624.00
2015/03/11	3443	3461	3433	3450	1099402.00	498282.00
2015/03/12	3433	3460	3375	3453	2324538.00	563910.00
2015/03/13	3439	3470	3425	3442	1316696.00	563064.00
2015/03/16	3448	3479	3417	3469	1360990.00	580236.00
2015/03/17	3455	3472	3428	3443	1220700.00	586844.00
2015/03/18	3428	3458	3398	3420	1741986.00	593452.00
2015/03/19	3418	3537	3410	3502	1783026.00	573254.00
2015/03/20	3492	3535	3491	3516	1391082.00	556166.00
2015/03/23	3525	3655	3523	3634	2610940.00	567348.00
2015/03/24	3649	3699	3646	3670	1815344.00	542542.00
2015/03/25	3681	3692	3633	3652	1427656.00	521234.00
2015/03/26	3690	3710	3651	3692	1511626.00	526078.00
2015/03/27	3680	3686	3646	3667	1225598.00	480856.00
2015/03/30	3669	3676	3612	3615	1551364.00	494348.00
2015/03/31	3605	3615	3548	3556	1392912.00	487696.00
2015/04/01	3580	3596	3543	3565	1166888.00	483224.00
2015/04/02	3580	3630	3575	3619	1493140.00	448852.00
2015/04/03	3592	3607	3563	3595	1151628.00	412946.00
2015/04/07	3596	3630	3591	3613	336968.00	416596.00
2015/04/08	3611	3624	3598	3616	677522.00	419448.00
2015/04/09	3606	3616	3489	3504	1520726.00	463038.00
2015/04/10	3496	3515	3470	3498	1064078.00	462546.00
2015/04/13	3526	3565	3516	3537	1199680.00	464074.00
2015/04/14	3533	3542	3478	3501	1048738.00	476672.00
2015/04/15	3485	3536	3483	3510	1106310.00	465072.00
2015/04/16	3508	3562	3503	3551	998014.00	448234.00
2015/04/17	3560	3570	3510	3523	1217854.00	476076.00
2015/04/20	3520	3555	3517	3553	814654.00	460514.00
2015/04/21	3506	3513	3460	3486	1204686.00	488146.00
2015/04/22	3493	3518	3481	3506	876500.00	482784.00
2015/04/23	3497	3498	3443	3452	1418428.00	489886.00
2015/04/24	3458	3488	3451	3475	1024546.00	450406.00
2015/04/27	3465	3484	3427	3472	1321720.00	428316.00
2015/04/28	3482	3609	3480	3598	2171488.00	444146.00
2015/04/29	3626	3654	3583	3599	1607256.00	381880.00
2015/04/30	3617	3648	3591	3599	1471756.00	346510.00
2015/05/04	3540	3577	3515	3564	455382.00	324062.00
2015/05/05	3580	3655	3566	3580	928228.00	321812.00
2015/05/06	3617	3626	3590	3597	872114.00	286582.00
2015/05/07	3609	3618	3558	3571	794696.00	273648.00
2015/05/08	3551	3585	3538	3574	570650.00	262926.00
2015/05/11	3580	3605	3563	3577	701450.00	260218.00
2015/05/12	3588	3598	3522	3551	660034.00	243192.00
2015/05/13	3580	3605	3560	3604	556904.00	223952.00
2015/05/14	3788	3790	3722	3768	1579674.00	530332.00
2015/05/15	3780	3808	3755	3784	1363988.00	477284.00
2015/05/18	3781	3867	3770	3852	1328736.00	546596.00
2015/05/19	3852	3859	3782	3802	1219326.00	481676.00
2015/05/20	3770	3775	3644	3687	1786804.00	363076.00
2015/05/21	3695	3734	3690	3716	1035726.00	356510.00
2015/05/22	3691	3737	3683	3721	906614.00	377088.00
2015/05/25	3705	3717	3670	3704	857864.00	374590.00
2015/05/26	3700	3745	3654	3657	960868.00	411440.00
2015/05/27	3634	3684	3625	3665	905320.00	409152.00
2015/05/28	3643	3674	3633	3657	816096.00	420546.00
2015/05/29	3661	3665	3621	3655	906320.00	418478.00
2015/06/01	3660	3675	3641	3647	746350.00	429702.00
2015/06/02	3654	3732	3648	3664	1595452.00	434062.00
2015/06/03	3654	3695	3654	3668	898340.00	440310.00
2015/06/04	3648	3664	3608	3619	1052946.00	463276.00
2015/06/05	3605	3615	3560	3564	1178526.00	513888.00
2015/06/08	3550	3582	3537	3572	1141656.00	551358.00
2015/06/09	3564	3577	3550	3566	713624.00	585978.00
2015/06/10	3572	3585	3553	3574	733544.00	616680.00
2015/06/11	3595	3596	3556	3558	682574.00	634448.00
2015/06/12	3569	3575	3520	3562	954912.00	624804.00
2015/06/15	3540	3561	3532	3554	732592.00	629868.00
2015/06/16	3548	3591	3545	3577	938338.00	618256.00
2015/06/17	3567	3571	3526	3543	796382.00	625158.00
2015/06/18	3550	3602	3537	3586	1195098.00	604526.00
2015/06/19	3620	3630	3564	3573	1170000.00	569242.00
2015/06/23	3573	3582	3545	3547	336396.00	589392.00
2015/06/24	3530	3540	3470	3505	1156272.00	640602.00
2015/06/25	3501	3513	3485	3494	764046.00	627222.00
2015/06/26	3490	3502	3449	3456	716220.00	645746.00
2015/06/29	3465	3511	3438	3480	858156.00	602846.00
2015/06/30	3489	3495	3393	3446	1020996.00	611362.00
2015/07/01	3436	3491	3408	3437	1202886.00	622706.00
2015/07/02	3438	3466	3417	3429	766544.00	628262.00
2015/07/03	3456	3479	3438	3464	799520.00	607458.00
2015/07/06	3473	3474	3423	3439	594826.00	607654.00
2015/07/07	3439	3482	3415	3439	756348.00	589178.00
2015/07/08	3416	3418	3236	3236	1890404.00	587930.00
2015/07/09	3222	3428	3200	3381	1837522.00	429516.00
2015/07/10	3390	3418	3363	3385	1114704.00	435878.00
2015/07/13	3387	3425	3364	3384	951406.00	439522.00
2015/07/14	3375	3383	3264	3348	1126164.00	474902.00
2015/07/15	3355	3378	3339	3350	609924.00	469360.00
2015/07/16	3330	3330	3274	3299	1076814.00	517138.00
2015/07/17	3260	3330	3248	3282	834966.00	514584.00
2015/07/20	3250	3274	3182	3259	1450470.00	551644.00
2015/07/21	3238	3308	3225	3255	1513836.00	551180.00
2015/07/22	3260	3290	3216	3241	1096848.00	564870.00
2015/07/23	3235	3269	3227	3256	1013276.00	580014.00
2015/07/24	3255	3267	3188	3219	1186810.00	598618.00
2015/07/27	3200	3243	3150	3239	1497536.00	606118.00
2015/07/28	3221	3241	3203	3221	1012566.00	593490.00
2015/07/29	3221	3250	3218	3235	709150.00	585096.00
2015/07/30	3233	3279	3215	3223	1242198.00	582506.00
2015/07/31	3231	3255	3217	3219	864652.00	583400.00
2015/08/03	3239	3285	3229	3246	1047254.00	569222.00
2015/08/04	3234	3242	3168	3208	1031718.00	641942.00
2015/08/05	3218	3222	3191	3199	629832.00	647668.00
2015/08/06	3215	3226	3191	3208	656680.00	630576.00
2015/08/07	3200	3247	3198	3242	751408.00	602422.00
2015/08/10	3218	3274	3212	3263	1336552.00	592580.00
2015/08/11	3258	3389	3257	3361	2547806.00	629066.00
2015/08/12	3378	3534	3359	3526	2777698.00	635964.00
2015/08/13	3556	3563	3485	3513	2347042.00	535850.00
2015/08/14	3493	3513	3481	3501	1231488.00	537492.00
2015/08/17	3505	3535	3430	3460	2054958.00	504198.00
2015/08/18	3465	3476	3443	3448	923578.00	488284.00
2015/08/19	3420	3424	3365	3419	1519740.00	506528.00
2015/08/20	3414	3505	3411	3485	1710848.00	513308.00
2015/08/21	3502	3544	3489	3499	1887490.00	513666.00
2015/08/24	3490	3506	3414	3427	2584172.00	483962.00
2015/08/25	3355	3444	3345	3367	2473734.00	465660.00
2015/08/26	3399	3412	3316	3318	1849336.00	474912.00
2015/08/27	3275	3293	3236	3280	1569930.00	453642.00
2015/08/28	3260	3366	3255	3339	1953862.00	420528.00
2015/08/31	3326	3369	3307	3332	1509230.00	410518.00
2015/09/01	3321	3360	3301	3333	1042540.00	409418.00
2015/09/02	3332	3363	3316	3324	1053868.00	395636.00
2015/09/07	3325	3342	3313	3319	274768.00	405316.00
2015/09/08	3315	3326	3295	3323	790686.00	413168.00
2015/09/09	3345	3395	3327	3332	1826396.00	373444.00
2015/09/10	3333	3339	3305	3333	1121444.00	373722.00
2015/09/11	3338	3358	3321	3328	1069886.00	389784.00
2015/09/14	3315	3329	3271	3302	1431436.00	408486.00
2015/09/15	3291	3305	3284	3287	741524.00	429864.00
2015/09/16	3294	3315	3274	3307	812624.00	411664.00
2015/09/17	3348	3381	3337	3366	1438078.00	392582.00
2015/09/18	3364	3448	3355	3394	1679856.00	399066.00
2015/09/21	3450	3453	3390	3419	1103882.00	398304.00
2015/09/22	3408	3426	3402	3407	436048.00	403180.00
2015/09/23	3350	3373	3340	3357	633094.00	376520.00
2015/09/24	3362	3381	3350	3368	401002.00	386150.00
2015/09/25	3360	3417	3357	3391	787468.00	400568.00
2015/09/28	3390	3400	3352	3354	217100.00	391014.00
2015/09/29	3324	3327	3273	3286	641526.00	384110.00
2015/09/30	3305	3316	3290	3292	365528.00	351852.00
2015/10/08	3559	3559	3454	3467	513814.00	346412.00
2015/10/09	3430	3485	3429	3469	733804.00	379184.00
2015/10/12	3493	3496	3451	3489	705888.00	400162.00
2015/10/13	3486	3501	3432	3448	621122.00	396600.00
2015/10/14	3457	3494	3450	3478	667046.00	428026.00
2015/10/15	3479	3508	3474	3477	720162.00	437984.00
2015/10/16	3468	3483	3449	3449	622714.00	439894.00
2015/10/19	3460	3475	3428	3435	546388.00	430384.00
2015/10/20	3440	3460	3414	3440	512586.00	427788.00
2015/10/21	3439	3454	3414	3418	595040.00	433688.00
2015/10/22	3424	3435	3402	3433	577678.00	419752.00
2015/10/23	3424	3469	3416	3468	713716.00	443824.00
2015/10/26	3468	3468	3420	3435	573794.00	415254.00
2015/10/27	3438	3447	3424	3438	397592.00	417466.00
2015/10/28	3428	3462	3423	3453	522540.00	419594.00
2015/10/29	3467	3515	3432	3437	1311832.00	389144.00
2015/10/30	3425	3435	3396	3406	767574.00	358634.00
2015/11/02	3388	3404	3383	3390	388510.00	340924.00
2015/11/03	3387	3392	3368	3385	328622.00	330308.00
2015/11/04	3377	3382	3353	3364	384406.00	318538.00
2015/11/05	3367	3377	3313	3318	491200.00	326166.00
2015/11/06	3315	3329	3300	3323	409690.00	308918.00
2015/11/09	3325	3332	3262	3288	654342.00	294692.00
2015/11/10	3289	3289	3241	3258	436342.00	282128.00
2015/11/11	3252	3271	3231	3262	416942.00	273100.00
2015/11/12	3259	3259	3234	3255	269162.00	271644.00
2015/11/13	3244	3275	3226	3250	565376.00	260014.00
2015/11/16	3248	3284	3243	3278	447840.00	245634.00
2015/11/17	3278	3278	3206	3227	441080.00	223512.00
2015/11/18	3228	3248	3210	3230	364644.00	208602.00
2015/11/19	3224	3238	3200	3234	306342.00	194960.00
2015/11/20	3223	3250	3208	3241	282004.00	176180.00
2015/11/23	3300	3309	3168	3220	760626.00	436044.00
2015/11/24	3209	3237	3184	3223	679588.00	428796.00
2015/11/25	3231	3273	3218	3248	722136.00	426808.00
2015/11/26	3234	3288	3216	3258	737932.00	434288.00
2015/11/27	3267	3280	3218	3229	618388.00	476180.00
2015/11/30	3234	3239	3185	3202	741960.00	484564.00
2015/12/01	3218	3248	3209	3241	545874.00	464372.00
2015/12/02	3240	3253	3226	3236	434892.00	463584.00
2015/12/03	3231	3233	3178	3206	652470.00	494568.00
2015/12/04	3220	3401	3213	3235	692076.00	471846.00
2015/12/07	3240	3332	3224	3320	1466624.00	463290.00
2015/12/08	3317	3324	3262	3281	645200.00	454498.00
2015/12/09	3261	3287	3252	3278	513700.00	454328.00
2015/12/10	3289	3309	3265	3274	617060.00	456638.00
2015/12/11	3273	3281	3246	3279	435214.00	454768.00
2015/12/14	3246	3279	3242	3260	732324.00	478922.00
2015/12/15	3236	3273	3235	3241	616174.00	506756.00
2015/12/16	3245	3259	3237	3252	349370.00	492150.00
2015/12/17	3257	3307	3254	3269	805940.00	471474.00
2015/12/18	3273	3282	3222	3254	728054.00	524484.00
2015/12/21	3258	3310	3248	3308	791942.00	495976.00
2015/12/22	3295	3328	3290	3314	650614.00	494540.00
2015/12/23	3316	3337	3301	3305	497198.00	488088.00
2015/12/24	3307	3324	3301	3319	367008.00	494820.00
2015/12/25	3315	3331	3314	3329	216172.00	489824.00
2015/12/28	3329	3343	3300	3304	315352.00	470814.00
2015/12/29	3294	3315	3283	3313	375754.00	484840.00
2015/12/30	3309	3322	3301	3309	425540.00	499074.00
2015/12/31	3296	3305	3287	3290	385684.00	502858.00
2016/01/04	3302	3312	3250	3305	310492.00	498550.00
2016/01/05	3303	3330	3294	3313	574222.00	480342.00
2016/01/06	3315	3321	3296	3314	409052.00	499704.00
2016/01/07	3320	3385	3308	3357	976372.00	528526.00
2016/01/08	3360	3390	3345	3356	759474.00	491744.00
2016/01/11	3343	3362	3322	3349	566072.00	491476.00
2016/01/12	3343	3350	3280	3288	492728.00	491574.00
2016/01/13	3283	3288	3262	3274	330408.00	489438.00
2016/01/14	3275	3325	3270	3312	643000.00	477542.00
2016/01/15	3296	3309	3284	3294	416502.00	474618.00
2016/01/18	3296	3323	3296	3301	534562.00	474614.00
2016/01/19	3305	3321	3299	3317	295732.00	488636.00
2016/01/20	3317	3334	3311	3315	434388.00	474574.00
2016/01/21	3338	3340	3322	3331	399366.00	471280.00
2016/01/22	3319	3330	3301	3323	458828.00	481522.00
2016/01/25	3327	3354	3314	3323	585878.00	471768.00
2016/01/26	3331	3361	3326	3360	518926.00	506304.00
2016/01/27	3356	3378	3346	3365	544132.00	498196.00
2016/01/28	3361	3374	3347	3352	358048.00	485058.00
2016/01/29	3347	3357	3329	3333	392284.00	481378.00
2016/02/01	3329	3348	3322	3343	333956.00	482956.00
2016/02/02	3345	3356	3329	3338	304078.00	481826.00
2016/02/03	3337	3353	3329	3341	315100.00	482866.00
2016/02/04	3350	3394	3335	3388	737350.00	497720.00
2016/02/05	3399	3422	3386	3389	474598.00	477858.00
2016/02/15	3480	3500	3456	3470	389252.00	481734.00
2016/02/16	3464	3474	3442	3463	356966.00	497130.00
2016/02/17	3470	3473	3449	3466	300972.00	505446.00
2016/02/18	3465	3472	3455	3455	250364.00	511542.00
2016/02/19	3455	3478	3452	3472	288542.00	527076.00
2016/02/22	3476	3484	3443	3446	406224.00	524986.00
2016/02/23	3425	3452	3424	3444	313294.00	515584.00
2016/02/24	3444	3455	3438	3441	273304.00	533854.00
2016/02/25	3451	3478	3428	3433	675372.00	575844.00
2016/02/26	3430	3432	3392	3408	523638.00	569722.00
2016/02/29	3409	3409	3304	3312	776704.00	559186.00
2016/03/01	3321	3355	3307	3346	468556.00	543062.00
2016/03/02	3353	3359	3313	3330	488806.00	553160.00
2016/03/03	3334	3364	3328	3347	486506.00	564056.00
2016/03/04	3350	3434	3339	3426	779882.00	626064.00
2016/03/07	3425	3516	3384	3481	1664662.00	643948.00
2016/03/08	3497	3550	3426	3450	1323092.00	644694.00
2016/03/09	3459	3466	3366	3396	793226.00	594136.00
2016/03/10	3400	3420	3380	3391	579998.00	602394.00
2016/03/11	3389	3475	3372	3434	997188.00	617576.00
2016/03/14	3429	3448	3413	3433	559172.00	633430.00
2016/03/15	3446	3484	3383	3395	874896.00	617952.00
2016/03/16	3392	3406	3378	3404	353844.00	616076.00
2016/03/17	3396	3458	3387	3438	472724.00	635010.00
2016/03/18	3449	3543	3443	3521	1425298.00	752824.00
2016/03/21	3505	3508	3457	3470	741118.00	689568.00
2016/03/22	3470	3520	3469	3516	568930.00	742450.00
2016/03/23	3510	3515	3463	3469	627798.00	692722.00
2016/03/24	3431	3434	3405	3409	685476.00	607844.00
2016/03/25	3420	3425	3401	3410	293002.00	616024.00
2016/03/28	3404	3420	3400	3406	256618.00	609094.00
2016/03/29	3416	3428	3390	3393	349684.00	607560.00
2016/03/30	3392	3433	3392	3424	522622.00	583444.00
2016/03/31	3415	3428	3395	3406	345438.00	581458.00
2016/04/01	3431	3436	3410	3421	392956.00	577138.00
2016/04/05	3361	3382	3342	3370	205890.00	560710.00
2016/04/06	3384	3387	3367	3371	217914.00	566404.00
2016/04/07	3357	3387	3355	3377	267182.00	566728.00
2016/04/08	3394	3405	3378	3380	283456.00	567292.00
2016/04/11	3386	3429	3381	3418	408412.00	587716.00
2016/04/12	3448	3471	3441	3467	587910.00	650158.00
2016/04/13	3489	3507	3472	3483	713772.00	666908.00
2016/04/14	3491	3528	3465	3485	703608.00	678608.00
2016/04/15	3492	3506	3476	3492	399568.00	690528.00
2016/04/18	3488	3535	3472	3484	733228.00	690902.00
2016/04/19	3505	3658	3490	3646	949978.00	790292.00
2016/04/20	3689	3755	3650	3679	1648032.00	712300.00
2016/04/21	3701	3849	3689	3811	1587208.00	705886.00
2016/04/22	3862	3877	3668	3708	1490126.00	577566.00
2016/04/25	3737	3768	3633	3693	1237514.00	559032.00
2016/04/26	3686	3710	3666	3671	648582.00	529962.00
2016/04/27	3677	3781	3675	3774	841362.00	559280.00
2016/04/28	3778	3785	3710	3757	916786.00	515250.00
2016/04/29	3757	3873	3745	3831	937576.00	489332.00
2016/05/03	3810	3839	3782	3827	281040.00	462218.00
2016/05/04	3801	3827	3739	3745	521412.00	419968.00
2016/05/05	3774	3778	3737	3761	359362.00	408474.00
2016/05/06	3793	3803	3706	3730	610562.00	387152.00
2016/05/09	3750	3776	3718	3723	499960.00	366992.00
2016/05/10	3694	3694	3620	3661	390588.00	327324.00
2016/05/11	3756	3825	3746	3806	469730.00	479698.00
2016/05/12	3838	3858	3810	3822	525870.00	488434.00
2016/05/13	3812	3850	3747	3788	737412.00	482282.00
2016/05/16	3756	3838	3750	3834	554168.00	511264.00
2016/05/17	3845	3848	3796	3817	432048.00	503482.00
2016/05/18	3800	3842	3788	3788	528952.00	510900.00
2016/05/19	3786	3819	3698	3700	764358.00	527964.00
2016/05/20	3672	3697	3651	3678	559092.00	547112.00
2016/05/23	3699	3712	3630	3650	583802.00	554350.00
2016/05/24	3648	3664	3617	3622	427062.00	566640.00
2016/05/25	3630	3660	3612	3623	469250.00	564482.00
2016/05/26	3623	3674	3623	3665	417958.00	558236.00
2016/05/27	3672	3682	3600	3630	525244.00	571292.00
2016/05/30	3622	3640	3546	3565	556390.00	580080.00
2016/05/31	3571	3605	3560	3586	378000.00	592934.00
2016/06/01	3579	3597	3574	3590	417804.00	569358.00
2016/06/02	3588	3600	3561	3593	484758.00	538820.00
2016/06/03	3591	3605	3580	3601	277354.00	552946.00
2016/06/06	3660	3679	3651	3667	500138.00	528954.00
2016/06/07	3684	3693	3658	3677	319352.00	525504.00
2016/06/08	3665	3718	3661	3712	348458.00	531502.00
2016/06/13	3834	3864	3804	3847	392728.00	559942.00
2016/06/14	3867	3872	3831	3848	417450.00	580736.00
2016/06/15	3859	3878	3845	3869	404858.00	582470.00
2016/06/16	3871	3945	3835	3935	684578.00	623520.00
2016/06/17	3937	3941	3810	3836	804894.00	611744.00
2016/06/20	3846	3866	3816	3841	457478.00	624986.00
2016/06/21	3843	3882	3835	3850	424710.00	645754.00
2016/06/22	3813	3828	3780	3809	458680.00	620244.00
2016/06/23	3803	3827	3800	3811	381220.00	625016.00
2016/06/24	3810	3938	3808	3901	1024378.00	650062.00
2016/06/27	3935	3960	3894	3925	684838.00	650600.00
2016/06/28	3930	3934	3882	3909	393308.00	657096.00
2016/06/29	3915	4065	3912	4056	1067420.00	789134.00
2016/06/30	4078	4085	4021	4064	823344.00	767918.00
2016/07/01	4070	4285	4056	4230	1518798.00	738136.00
2016/07/04	4233	4419	4226	4419	849340.00	728592.00
2016/07/05	4588	4599	4315	4427	1916788.00	672990.00
2016/07/06	4382	4575	4338	4511	2088988.00	687792.00
2016/07/07	4481	4508	4416	4455	1162692.00	679452.00
2016/07/08	4419	4422	4320	4340	1276016.00	667546.00
2016/07/11	4318	4580	4301	4506	1900034.00	744214.00
2016/07/12	4481	4538	4459	4517	1181030.00	760710.00
2016/07/13	4512	4537	4397	4523	1840992.00	807440.00
2016/07/14	4518	4549	4459	4491	1328388.00	771988.00
2016/07/15	4446	4493	4430	4466	884980.00	758848.00
2016/07/18	4470	4472	4385	4395	982928.00	734200.00
2016/07/19	4389	4421	4369	4392	769506.00	731752.00
2016/07/20	4395	4416	4356	4358	693650.00	753062.00
2016/07/21	4308	4319	4243	4273	958284.00	697594.00
2016/07/22	4278	4402	4256	4333	1049482.00	696560.00
2016/07/25	4336	4352	4266	4297	723750.00	691712.00
2016/07/26	4293	4355	4266	4332	796298.00	694132.00
2016/07/27	4327	4351	4312	4326	509950.00	691762.00
2016/07/28	4340	4514	4338	4499	1266174.00	730820.00
2016/07/29	4492	4492	4432	4442	791030.00	723278.00
2016/08/01	4475	4558	4446	4530	1140446.00	756980.00
2016/08/02	4527	4545	4492	4531	682914.00	766558.00
2016/08/03	4578	4588	4545	4569	741214.00	782944.00
2016/08/04	4549	4554	4441	4451	947548.00	744762.00
2016/08/05	4494	4508	4469	4496	636060.00	736830.00
2016/08/08	4421	4421	4335	4341	906608.00	707786.00
2016/08/09	4368	4384	4336	4342	490220.00	694686.00
2016/08/10	4338	4477	4327	4462	805430.00	717436.00
2016/08/11	4487	4498	4400	4428	728440.00	693398.00
2016/08/12	4439	4465	4404	4418	613898.00	699542.00
2016/08/15	4450	4458	4352	4377	804808.00	676820.00
2016/08/16	4365	4433	4361	4410	595176.00	695148.00
2016/08/17	4390	4409	4348	4357	736386.00	702402.00
2016/08/18	4357	4420	4304	4382	817088.00	693840.00
2016/08/19	4375	4393	4349	4367	466792.00	694094.00
2016/08/22	4306	4335	4196	4204	921556.00	710638.00
2016/08/23	4214	4238	4204	4232	434706.00	700504.00
2016/08/24	4240	4245	4201	4209	396934.00	712760.00
2016/08/25	4200	4201	4040	4144	719096.00	715020.00
2016/08/26	4133	4163	4126	4148	391840.00	711772.00
2016/08/29	4172	4239	4101	4129	1264740.00	683646.00
2016/08/30	4146	4196	4138	4160	569632.00	675058.00
2016/08/31	4166	4194	4141	4164	604332.00	656602.00
2016/09/01	4151	4188	4151	4172	427672.00	655104.00
2016/09/02	4159	4240	4158	4209	723306.00	666286.00
2016/09/05	4286	4323	4269	4317	806166.00	642888.00
2016/09/06	4330	4348	4317	4345	379184.00	655474.00
2016/09/07	4364	4458	4357	4416	867724.00	646836.00
2016/09/08	4432	4432	4378	4412	511720.00	630388.00
2016/09/09	4404	4405	4341	4351	603648.00	619888.00
2016/09/12	4338	4348	4220	4248	790160.00	603798.00
2016/09/13	4240	4312	4222	4280	660334.00	586594.00
2016/09/14	4265	4273	4210	4265	627282.00	592368.00
2016/09/19	4227	4308	4218	4284	373100.00	602938.00
2016/09/20	4300	4316	4280	4302	408950.00	599840.00
2016/09/21	4297	4352	4271	4345	664526.00	643102.00
2016/09/22	4400	4430	4352	4385	959772.00	609332.00
2016/09/23	4421	4444	4379	4394	668518.00	624024.00
2016/09/26	4402	4402	4319	4342	591404.00	599586.00
2016/09/27	4333	4365	4313	4335	508916.00	588286.00
2016/09/28	4315	4317	4250	4258	747270.00	572476.00
2016/09/29	4268	4310	4232	4269	534762.00	546284.00
2016/09/30	4251	4293	4249	4266	466044.00	524172.00
2016/10/10	3952	4001	3952	3981	483216.00	508154.00
2016/10/11	3974	4024	3967	4015	568006.00	540440.00
2016/10/12	3979	3999	3971	3987	501496.00	549134.00
2016/10/13	3975	4007	3967	3992	510614.00	547748.00
2016/10/14	3982	3996	3972	3981	380420.00	547756.00
2016/10/17	3976	4005	3966	3986	521934.00	567816.00
2016/10/18	3987	4042	3981	4033	559570.00	602206.00
2016/10/19	4031	4045	4013	4024	424582.00	563310.00
2016/10/20	4051	4063	4029	4044	480334.00	565408.00
2016/10/21	4043	4053	3983	4000	527866.00	553626.00
2016/10/24	4001	4035	3996	4030	384910.00	565480.00
2016/10/25	4052	4081	4024	4058	695734.00	601990.00
2016/10/26	4063	4100	4046	4080	612998.00	593440.00
2016/10/27	4063	4076	4046	4059	410780.00	572906.00
2016/10/28	4071	4076	4049	4057	352260.00	549220.00
2016/10/31	4056	4093	4051	4080	613624.00	512058.00
2016/11/01	4078	4113	4072	4102	402530.00	509494.00
2016/11/02	4155	4196	4141	4193	642228.00	509430.00
2016/11/03	4208	4228	4168	4171	542588.00	449696.00
2016/11/04	4132	4169	4106	4111	554180.00	403004.00
2016/11/07	4137	4157	4098	4116	398204.00	387068.00
2016/11/08	4110	4145	4060	4144	425578.00	388050.00
2016/11/09	4121	4305	4117	4264	1413512.00	369290.00
2016/11/10	4251	4274	4190	4273	748222.00	344092.00
2016/11/11	4261	4319	4221	4313	770218.00	345710.00
2016/11/14	4287	4333	4011	4014	914730.00	260784.00
2016/11/15	4046	4046	3976	4016	411538.00	245542.00
2016/11/16	4130	4180	4120	4158	395132.00	438130.00
2016/11/17	4148	4161	4135	4139	331908.00	454692.00
2016/11/18	4148	4158	4080	4101	516058.00	492548.00
2016/11/21	4102	4133	4073	4131	535686.00	512028.00
2016/11/22	4125	4186	4110	4167	620838.00	589436.00
2016/11/23	4166	4177	4143	4159	480092.00	605060.00
2016/11/24	4148	4153	4081	4129	908362.00	643450.00
2016/11/25	4125	4158	4093	4119	665974.00	668112.00
2016/11/28	4133	4237	4125	4211	944576.00	718130.00
2016/11/29	4195	4220	4167	4179	708916.00	694584.00
2016/11/30	4159	4188	4133	4155	712904.00	695622.00
2016/12/01	4155	4176	4090	4147	906362.00	724380.00
