2009/05/19	3994	3994	3910	3910	18.00	10.00
2009/05/20	3929	3940	3904	3904	32.00	42.00
2009/05/21	3915	3957	3901	3901	38.00	52.00
2009/05/22	3900	3925	3900	3910	18.00	66.00
2009/05/25	3905	3905	3900	3904	30.00	86.00
2009/05/26	3890	3948	3890	3900	50.00	92.00
2009/05/27	3891	3904	3890	3902	20.00	84.00
2009/06/01	3802	3989	3802	3989	38.00	98.00
2009/06/02	3959	3960	3926	3926	32.00	112.00
2009/06/03	3968	3968	3931	3946	26.00	126.00
2009/06/04	3946	3966	3946	3966	12.00	120.00
2009/06/05	3998	4037	3991	4010	56.00	138.00
2009/06/08	4050	4050	4026	4026	50.00	160.00
2009/06/09	4043	4043	4008	4039	38.00	186.00
2009/06/10	4039	4100	4039	4050	12.00	198.00
2009/06/11	4063	4130	4063	4130	14.00	200.00
2009/06/12	4174	4176	4136	4136	36.00	222.00
2009/06/15	4111	4147	3954	3954	24.00	222.00
2009/06/16	3965	4175	3965	4103	56.00	220.00
2009/06/17	4051	4125	4051	4090	12.00	224.00
2009/06/18	4120	4120	4120	4120	2.00	224.00
2009/06/19	4100	4100	4100	4100	2.00	226.00
2009/06/22	4138	4138	4113	4113	4.00	224.00
2009/06/23	4098	4129	4054	4078	20.00	226.00
2009/06/24	4041	4118	4041	4100	32.00	228.00
2009/06/25	4080	4080	4080	4080	38.00	256.00
2009/06/26	4088	4088	4060	4060	16.00	258.00
2009/06/29	4070	4070	4030	4030	6.00	256.00
2009/06/30	4032	4032	4000	4000	12.00	262.00
2009/07/01	4028	4028	4026	4026	4.00	264.00
2009/07/02	4040	4060	4035	4035	66.00	314.00
2009/07/03	4035	4040	4035	4035	22.00	320.00
2009/07/06	4030	4030	4010	4010	38.00	344.00
2009/07/07	3985	4030	3985	3996	8.00	348.00
2009/07/08	3901	3976	3901	3956	74.00	334.00
2009/07/09	3958	3965	3950	3950	22.00	336.00
2009/07/10	3996	4035	3952	3975	30.00	336.00
2009/07/13	3990	3998	3990	3998	4.00	336.00
2009/07/14	3988	3997	3975	3990	18.00	338.00
2009/07/15	3998	4043	3998	4043	14.00	342.00
2009/07/16	4080	4130	4080	4104	92.00	384.00
2009/07/17	4086	4099	4071	4085	134.00	460.00
2009/07/20	4087	4118	4087	4118	38.00	450.00
2009/07/21	4140	4144	4130	4136	24.00	444.00
2009/07/22	4160	4203	4160	4191	30.00	456.00
2009/07/23	4190	4236	4190	4227	54.00	468.00
2009/07/24	4228	4250	4228	4250	54.00	476.00
2009/07/27	4250	4399	4220	4328	382.00	654.00
2009/07/28	4328	4378	4263	4378	122.00	700.00
2009/07/29	4349	4449	4341	4405	180.00	720.00
2009/07/30	4385	4429	4353	4425	310.00	696.00
2009/07/31	4493	4606	4440	4606	280.00	668.00
2009/08/03	4763	4763	4730	4763	126.00	658.00
2009/08/04	5087	5088	4750	4800	354.00	570.00
2009/08/05	4859	4867	4751	4826	118.00	588.00
2009/08/06	4856	4856	4791	4818	56.00	578.00
2009/08/07	4826	4826	4630	4635	454.00	704.00
2009/08/10	4650	4744	4580	4660	294.00	806.00
2009/08/11	4610	4720	4610	4675	296.00	842.00
2009/08/12	4720	4720	4622	4639	180.00	828.00
2009/08/13	4705	4705	4655	4688	284.00	814.00
2009/08/14	4690	4690	4545	4590	410.00	892.00
2009/08/17	4470	4588	4450	4496	478.00	900.00
2009/08/18	4548	4548	4452	4481	178.00	922.00
2009/08/19	4470	4470	4263	4308	350.00	932.00
2009/08/20	4261	4359	4201	4333	676.00	990.00
2009/08/21	4340	4437	4256	4377	920.00	1080.00
2009/08/24	4477	4482	4375	4392	478.00	1160.00
2009/08/25	4401	4401	4278	4321	302.00	1162.00
2009/08/26	4342	4381	4280	4364	318.00	1200.00
2009/08/27	4339	4388	4312	4368	270.00	1202.00
2009/08/28	4370	4423	4365	4392	264.00	1208.00
2009/08/31	4350	4360	4265	4270	216.00	1256.00
2009/09/01	4205	4265	4205	4245	218.00	1324.00
2009/09/02	4152	4244	4151	4160	394.00	1356.00
2009/09/03	4198	4201	4150	4175	474.00	1570.00
2009/09/04	4176	4186	4150	4166	180.00	1590.00
2009/09/07	4091	4151	4072	4080	218.00	1606.00
2009/09/08	4079	4101	4055	4100	300.00	1624.00
2009/09/09	4118	4175	4118	4173	550.00	1646.00
2009/09/10	4169	4198	4169	4175	286.00	1686.00
2009/09/11	4175	4192	4145	4153	152.00	1714.00
2009/09/14	4080	4168	4080	4160	232.00	1680.00
2009/09/15	4204	4215	4140	4190	138.00	1674.00
2009/09/16	4218	4231	4146	4225	314.00	1748.00
2009/09/17	4236	4238	4147	4215	728.00	1860.00
2009/09/18	4225	4225	4173	4195	302.00	1994.00
2009/09/21	4182	4227	4158	4223	600.00	2076.00
2009/09/22	4220	4225	4200	4211	1784.00	2998.00
2009/09/23	4215	4215	4150	4150	1870.00	4226.00
2009/09/24	4126	4126	4026	4069	1160.00	4476.00
2009/09/25	4003	4056	4003	4016	746.00	4888.00
2009/09/28	4016	4016	3849	3874	1792.00	5242.00
2009/09/29	3861	3943	3850	3943	566.00	5236.00
2009/09/30	3945	3949	3893	3919	526.00	5454.00
2009/10/09	3920	3969	3903	3911	806.00	5770.00
2009/10/12	3901	3901	3843	3885	1856.00	6828.00
2009/10/13	3880	3897	3872	3877	1790.00	7946.00
2009/10/14	3860	3896	3860	3886	1386.00	8566.00
2009/10/15	3899	3946	3888	3945	2504.00	9496.00
2009/10/16	3950	3980	3850	3980	3142.00	9872.00
2009/10/19	3961	4140	3961	4025	4164.00	9928.00
2009/10/20	4038	4057	4002	4042	3370.00	9708.00
2009/10/21	4028	4088	4028	4088	2062.00	9902.00
2009/10/22	4105	4120	4070	4074	2930.00	10540.00
2009/10/23	4079	4124	4073	4123	2494.00	11018.00
2009/10/26	4129	4234	4129	4234	5936.00	11960.00
2009/10/27	4206	4243	4200	4227	5122.00	13026.00
2009/10/28	4228	4228	4144	4157	6852.00	14458.00
2009/10/29	4132	4148	4077	4119	3742.00	14490.00
2009/10/30	4200	4200	4131	4148	4340.00	15984.00
2009/11/02	4119	4182	4102	4181	3594.00	16830.00
2009/11/03	4181	4200	4156	4156	4778.00	17908.00
2009/11/04	4166	4187	4161	4184	2092.00	18166.00
2009/11/05	4184	4222	4172	4218	8376.00	21090.00
2009/11/06	4238	4328	4221	4327	38704.00	37058.00
2009/11/09	4330	4422	4313	4392	196836.00	78164.00
2009/11/10	4402	4413	4347	4359	179720.00	85554.00
2009/11/11	4368	4408	4360	4380	242530.00	100808.00
2009/11/12	4393	4395	4325	4339	171106.00	98950.00
2009/11/13	4329	4429	4312	4429	303380.00	140658.00
2009/11/16	4435	4479	4411	4430	556078.00	183114.00
2009/11/17	4455	4470	4413	4433	788788.00	230700.00
2009/11/18	4445	4467	4424	4440	808112.00	281566.00
2009/11/19	4431	4513	4430	4485	1051986.00	317950.00
2009/11/20	4485	4509	4446	4462	634920.00	303460.00
2009/11/23	4475	4515	4460	4505	681004.00	301048.00
2009/11/24	4495	4559	4426	4464	1032690.00	322596.00
2009/11/25	4464	4530	4464	4517	1053452.00	369634.00
2009/11/26	4528	4572	4461	4494	1769590.00	432160.00
2009/11/27	4463	4470	4286	4286	2608656.00	483562.00
2009/11/30	4336	4404	4322	4375	3268228.00	514984.00
2009/12/01	4390	4408	4331	4367	2929698.00	572052.00
2009/12/02	4388	4409	4361	4377	2660750.00	636968.00
2009/12/03	4383	4396	4366	4385	2102022.00	608046.00
2009/12/04	4368	4381	4336	4374	2500528.00	641718.00
2009/12/07	4354	4395	4354	4373	1983820.00	664010.00
2009/12/08	4380	4385	4288	4318	2779118.00	732298.00
2009/12/09	4284	4290	4246	4267	1871676.00	735304.00
2009/12/10	4267	4337	4250	4334	3354396.00	839430.00
2009/12/11	4350	4401	4350	4396	3160862.00	865224.00
2009/12/14	4400	4433	4331	4430	2822038.00	956258.00
2009/12/15	4430	4438	4384	4394	2691114.00	978684.00
2009/12/16	4387	4419	4370	4392	1644196.00	970528.00
2009/12/17	4415	4431	4375	4386	1735560.00	931778.00
2009/12/18	4350	4389	4349	4379	1061746.00	852086.00
2009/12/21	4389	4418	4372	4418	1170240.00	909188.00
2009/12/22	4411	4438	4403	4405	1933556.00	916252.00
2009/12/23	4410	4427	4393	4408	1166438.00	892398.00
2009/12/24	4428	4478	4413	4461	1507386.00	1018962.00
2009/12/25	4461	4478	4442	4459	1129794.00	957350.00
2009/12/28	4465	4538	4463	4525	1346854.00	1028662.00
2009/12/29	4525	4547	4488	4499	1430618.00	996206.00
2009/12/30	4497	4515	4477	4486	973818.00	952476.00
2009/12/31	4495	4518	4486	4511	976200.00	911846.00
2010/01/04	4523	4610	4523	4579	1809996.00	965458.00
2010/01/05	4592	4606	4572	4589	1320756.00	987708.00
2010/01/06	4587	4635	4581	4622	1481228.00	1027884.00
2010/01/07	4641	4650	4389	4489	2196160.00	932514.00
2010/01/08	4505	4510	4412	4462	1520076.00	894544.00
2010/01/11	4495	4518	4475	4516	1130570.00	939144.00
2010/01/12	4505	4528	4480	4510	1176288.00	957810.00
2010/01/13	4420	4460	4354	4418	1461690.00	906786.00
2010/01/14	4450	4464	4430	4433	1076498.00	938680.00
2010/01/15	4419	4436	4355	4368	1276950.00	939862.00
2010/01/18	4339	4399	4310	4395	1148302.00	943604.00
2010/01/19	4405	4418	4361	4382	1236092.00	888684.00
2010/01/20	4392	4394	4341	4364	1243448.00	847790.00
2010/01/21	4337	4366	4326	4352	960118.00	862226.00
2010/01/22	4319	4335	4257	4288	1207020.00	856708.00
2010/01/25	4280	4295	4265	4278	870946.00	874294.00
2010/01/26	4286	4290	4258	4265	818680.00	852992.00
2010/01/27	4275	4327	4265	4316	1452742.00	891916.00
2010/01/28	4260	4319	4255	4293	1793390.00	914470.00
2010/01/29	4281	4315	4276	4300	1234868.00	870164.00
2010/02/01	4317	4334	4276	4295	1156486.00	861912.00
2010/02/02	4316	4323	4126	4159	2453186.00	825676.00
2010/02/03	4175	4188	4136	4180	1448904.00	802842.00
2010/02/04	4150	4158	4093	4115	1152398.00	775898.00
2010/02/05	4090	4110	4066	4109	849138.00	711780.00
2010/02/08	4120	4139	4103	4129	577962.00	685168.00
2010/02/09	4123	4166	4115	4157	617652.00	690518.00
2010/02/10	4172	4219	4156	4198	732940.00	680758.00
2010/02/11	4210	4236	4190	4229	497494.00	676876.00
2010/02/12	4246	4299	4233	4293	599774.00	656346.00
2010/02/22	4330	4376	4229	4243	1055136.00	710878.00
2010/02/23	4240	4297	4220	4283	1147210.00	798784.00
2010/02/24	4261	4281	4233	4253	1098624.00	824246.00
2010/02/25	4258	4263	4191	4209	929826.00	790336.00
2010/02/26	4208	4219	4175	4214	703304.00	727690.00
2010/03/01	4233	4256	4190	4209	520590.00	697674.00
2010/03/02	4202	4208	4151	4155	425640.00	635048.00
2010/03/03	4173	4173	4133	4143	234628.00	618836.00
2010/03/04	4150	4158	4135	4141	231868.00	585416.00
2010/03/05	4140	4172	4135	4168	233628.00	567908.00
2010/03/08	4171	4205	4165	4189	268998.00	534642.00
2010/03/09	4185	4198	4174	4195	152230.00	482724.00
2010/03/10	4200	4217	4194	4209	182522.00	426834.00
2010/03/11	4216	4219	4177	4213	145818.00	392298.00
2010/03/12	4221	4228	4205	4209	85232.00	367532.00
2010/03/15	4226	4245	4211	4244	136538.00	356908.00
2010/03/16	4252	4371	4243	4346	468458.00	303364.00
2010/03/17	4358	4400	4334	4338	286308.00	286034.00
2010/03/18	4342	4351	4318	4320	130678.00	278414.00
2010/03/19	4329	4351	4315	4346	119518.00	251868.00
2010/03/22	4349	4395	4341	4358	147760.00	226350.00
2010/03/23	4365	4380	4350	4359	92392.00	213184.00
2010/03/24	4362	4418	4348	4418	186266.00	218844.00
2010/03/25	4425	4448	4404	4429	156356.00	210078.00
2010/03/26	4433	4484	4426	4439	181070.00	183636.00
2010/03/29	4449	4480	4445	4461	113982.00	174058.00
2010/03/30	4470	4477	4420	4426	93918.00	161876.00
2010/03/31	4426	4437	4409	4416	65020.00	156942.00
2010/04/01	4426	4426	4380	4411	62084.00	144398.00
2010/04/02	4422	4428	4405	4418	44764.00	132560.00
2010/04/06	4443	4443	4418	4438	53390.00	117636.00
2010/04/07	4439	4470	4439	4460	36612.00	110434.00
2010/04/08	4460	4460	4419	4431	34092.00	100898.00
2010/04/09	4435	4464	4425	4464	25250.00	95492.00
2010/04/12	4473	4502	4471	4499	40050.00	90112.00
2010/04/13	4495	4575	4495	4556	99118.00	90924.00
2010/04/14	4579	4591	4553	4573	79864.00	79456.00
2010/04/15	4568	4572	4504	4509	51172.00	69682.00
2010/04/16	4501	4520	4470	4514	37080.00	65018.00
2010/04/19	4488	4497	4460	4461	32472.00	58948.00
2010/04/20	4507	4507	4451	4474	12898.00	56356.00
2010/04/21	4468	4473	4438	4455	16648.00	51538.00
2010/04/22	4439	4459	4435	4443	13226.00	46662.00
2010/04/23	4438	4438	4418	4422	13418.00	41552.00
2010/04/26	4427	4444	4396	4397	7168.00	38274.00
2010/04/27	4393	4393	4338	4339	8752.00	35024.00
2010/04/28	4290	4309	4290	4291	11610.00	29116.00
2010/04/29	4272	4315	4261	4262	9164.00	28240.00
2010/04/30	4250	4290	4250	4290	6498.00	27022.00
2010/05/04	4290	4316	4281	4315	2182.00	27480.00
2010/05/05	4297	4300	4281	4300	1860.00	27420.00
2010/05/06	4300	4310	4285	4295	3540.00	28080.00
2010/05/07	4275	4294	4250	4279	4800.00	27840.00
2010/05/10	4252	4299	4242	4246	1980.00	27420.00
2010/05/11	4250	4271	4181	4208	2700.00	27060.00
2010/05/12	4072	4100	4030	4070	4500.00	26760.00
2010/05/13	4052	4120	4050	4083	2760.00	26760.00
2010/05/14	4060	4085	4052	4060	2100.00	26400.00
2010/05/17	3955	3979	3901	3915	1620.00	26400.00
2010/05/18	4432	4570	4432	4541	684.00	474.00
2010/05/19	4541	4549	4506	4534	1226.00	1372.00
2010/05/20	4547	4593	4547	4555	550.00	1622.00
2010/05/21	4531	4539	4501	4533	526.00	1746.00
2010/05/24	4540	4619	4533	4615	700.00	2010.00
2010/05/25	4615	4615	4566	4566	868.00	2346.00
2010/05/26	4589	4595	4558	4563	378.00	2424.00
2010/05/27	4560	4590	4525	4575	868.00	2664.00
2010/05/28	4599	4610	4558	4558	832.00	2488.00
2010/05/31	4535	4565	4513	4534	674.00	2834.00
2010/06/01	4515	4530	4497	4497	906.00	3054.00
2010/06/02	4494	4510	4457	4490	1166.00	3276.00
2010/06/03	4500	4520	4483	4493	442.00	3288.00
2010/06/04	4480	4488	4455	4483	498.00	3322.00
2010/06/07	4450	4450	4261	4308	1746.00	3540.00
2010/06/08	4310	4317	4283	4310	1148.00	4056.00
2010/06/09	4343	4343	4123	4320	1366.00	4358.00
2010/06/10	4325	4325	4294	4308	476.00	4502.00
2010/06/11	4327	4344	4320	4334	298.00	4528.00
2010/06/17	4384	4384	4325	4332	330.00	4536.00
2010/06/18	4318	4367	4318	4341	664.00	4694.00
2010/06/21	4346	4417	4330	4402	880.00	4930.00
2010/06/22	4376	4398	4376	4379	2086.00	6326.00
2010/06/23	4339	4363	4319	4340	1844.00	5724.00
2010/06/24	4364	4365	4343	4343	498.00	5774.00
2010/06/25	4343	4358	4335	4345	1434.00	5570.00
2010/06/28	4357	4366	4306	4312	1346.00	6066.00
2010/06/29	4312	4317	4272	4282	1764.00	6672.00
2010/06/30	4267	4289	4260	4285	1028.00	6988.00
2010/07/01	4263	4291	4263	4277	1772.00	7090.00
2010/07/02	4260	4297	4252	4292	1402.00	7592.00
2010/07/05	4298	4314	4281	4306	1192.00	7908.00
2010/07/06	4290	4315	4290	4302	1212.00	8458.00
2010/07/07	4299	4306	4290	4294	480.00	8320.00
2010/07/08	4300	4315	4280	4286	930.00	8714.00
2010/07/09	4282	4308	4270	4303	646.00	8744.00
2010/07/12	4314	4324	4295	4315	3346.00	9626.00
2010/07/13	4314	4314	4275	4278	2414.00	11056.00
2010/07/14	4286	4305	4250	4261	2938.00	12150.00
2010/07/15	4263	4273	4243	4249	1520.00	12388.00
2010/07/16	4255	4267	4250	4259	1076.00	12398.00
2010/07/19	4243	4305	4102	4302	7472.00	16638.00
2010/07/20	4302	4349	4302	4349	8670.00	20898.00
2010/07/21	4342	4358	4333	4348	2338.00	21630.00
2010/07/22	4340	4351	4336	4345	1564.00	22220.00
2010/07/23	4350	4392	4216	4379	9000.00	27692.00
2010/07/26	4372	4389	4364	4378	3228.00	28876.00
2010/07/27	4378	4381	4320	4334	5270.00	29112.00
2010/07/28	4334	4380	4292	4375	10318.00	33484.00
2010/07/29	4374	4391	4292	4373	6682.00	36548.00
2010/07/30	4373	4444	4360	4441	9864.00	40598.00
2010/08/02	4445	4504	4445	4485	9716.00	40966.00
2010/08/03	4486	4503	4458	4461	5882.00	41088.00
2010/08/04	4451	4482	4441	4480	5730.00	41932.00
2010/08/05	4486	4501	4449	4460	8834.00	42472.00
2010/08/06	4450	4490	4443	4483	8482.00	44962.00
2010/08/09	4490	4544	4485	4544	10758.00	46908.00
2010/08/10	4541	4549	4518	4525	6478.00	46666.00
2010/08/11	4530	4571	4519	4528	10838.00	47560.00
2010/08/12	4530	4530	4460	4463	8114.00	47544.00
2010/08/13	4470	4503	4462	4503	8138.00	48862.00
2010/08/16	4488	4543	4485	4532	12480.00	51668.00
2010/08/17	4535	4553	4518	4535	11936.00	52560.00
2010/08/18	4544	4558	4519	4521	14494.00	52646.00
2010/08/19	4521	4536	4501	4523	10172.00	52856.00
2010/08/20	4509	4510	4471	4479	11434.00	52216.00
2010/08/23	4478	4482	4414	4416	19126.00	56254.00
2010/08/24	4415	4434	4389	4390	28256.00	63316.00
2010/08/25	4381	4399	4368	4380	14956.00	63466.00
2010/08/26	4386	4433	4386	4413	23538.00	64850.00
2010/08/27	4415	4429	4402	4420	20736.00	69368.00
2010/08/30	4444	4489	4420	4488	23620.00	71966.00
2010/08/31	4463	4503	4460	4476	28968.00	71792.00
2010/09/01	4481	4523	4476	4505	30194.00	73780.00
2010/09/02	4528	4544	4512	4525	25034.00	81012.00
2010/09/03	4531	4538	4488	4490	22012.00	85558.00
2010/09/06	4551	4735	4551	4671	159986.00	148816.00
2010/09/07	4683	4683	4631	4645	118118.00	175808.00
2010/09/08	4640	4649	4610	4618	72812.00	182122.00
2010/09/09	4630	4635	4422	4514	109600.00	185742.00
2010/09/10	4535	4561	4511	4554	112402.00	213948.00
2010/09/13	4581	4594	4542	4544	112850.00	223502.00
2010/09/14	4554	4554	4466	4481	109022.00	233270.00
2010/09/15	4490	4490	4461	4472	108466.00	249030.00
2010/09/16	4478	4490	4415	4423	140452.00	249954.00
2010/09/17	4438	4442	4419	4430	114478.00	266394.00
2010/09/20	4438	4469	4425	4443	165846.00	272084.00
2010/09/21	4446	4446	4395	4399	145148.00	246100.00
2010/09/27	4419	4426	4357	4362	172080.00	263030.00
2010/09/28	4340	4385	4339	4366	164832.00	275304.00
2010/09/29	4375	4397	4345	4361	214594.00	280550.00
2010/09/30	4361	4375	4315	4373	234724.00	298638.00
2010/10/08	4361	4432	4355	4417	414464.00	379182.00
2010/10/11	4461	4526	4460	4510	1286526.00	620682.00
2010/10/12	4485	4496	4446	4459	1320094.00	690944.00
2010/10/13	4475	4519	4462	4504	1970662.00	864790.00
2010/10/14	4515	4525	4464	4474	1792046.00	882978.00
2010/10/15	4450	4506	4431	4498	1753840.00	912814.00
2010/10/18	4478	4554	4472	4520	2626080.00	1041522.00
2010/10/19	4550	4553	4465	4488	2125438.00	973342.00
2010/10/20	4410	4448	4377	4421	1837350.00	893744.00
2010/10/21	4438	4459	4414	4427	1943500.00	921992.00
2010/10/22	4420	4431	4403	4413	1104678.00	863446.00
2010/10/25	4430	4516	4422	4510	2565054.00	1076484.00
2010/10/26	4519	4525	4470	4477	2136466.00	1005426.00
2010/10/27	4494	4540	4471	4486	3459542.00	1014438.00
2010/10/28	4499	4525	4490	4504	1680382.00	1008602.00
2010/10/29	4500	4515	4475	4505	1531558.00	941652.00
2010/11/01	4520	4562	4519	4553	1697620.00	1100574.00
2010/11/02	4558	4567	4535	4542	1159876.00	1007590.00
2010/11/03	4565	4588	4541	4551	1720450.00	1002842.00
2010/11/04	4575	4610	4563	4606	1534004.00	1216284.00
2010/11/05	4650	4733	4644	4708	2644480.00	1190582.00
2010/11/08	4730	4730	4679	4709	1628332.00	1125614.00
2010/11/09	4720	4906	4710	4854	2925024.00	1202140.00
2010/11/10	4842	4886	4730	4770	2664716.00	1026544.00
2010/11/11	4785	4852	4743	4793	2438760.00	1046018.00
2010/11/12	4795	4795	4571	4637	4421772.00	879838.00
2010/11/15	4590	4694	4590	4667	2758176.00	871004.00
2010/11/16	4678	4687	4632	4646	1799372.00	849250.00
2010/11/17	4529	4574	4491	4550	2693604.00	772888.00
2010/11/18	4589	4621	4563	4611	1649710.00	747278.00
2010/11/19	4644	4666	4584	4643	1853112.00	694868.00
2010/11/22	4632	4671	4622	4644	1375458.00	707436.00
2010/11/23	4630	4645	4589	4607	1595554.00	690430.00
2010/11/24	4615	4699	4598	4695	1586012.00	788806.00
2010/11/25	4701	4738	4680	4683	1677462.00	758480.00
2010/11/26	4684	4697	4630	4650	1482902.00	713490.00
2010/11/29	4660	4680	4635	4668	921840.00	699648.00
2010/11/30	4659	4666	4612	4634	945702.00	635964.00
2010/12/01	4632	4688	4626	4678	777228.00	635332.00
2010/12/02	4708	4724	4675	4685	786242.00	641072.00
2010/12/03	4693	4745	4685	4728	1185750.00	724502.00
2010/12/06	4737	4744	4705	4719	675060.00	695742.00
2010/12/07	4723	4771	4710	4760	873766.00	751160.00
2010/12/08	4740	4758	4711	4712	631582.00	678242.00
2010/12/09	4735	4743	4712	4715	599348.00	639992.00
2010/12/10	4708	4732	4693	4727	488184.00	630880.00
2010/12/13	4730	4789	4728	4779	699028.00	644824.00
2010/12/14	4770	4791	4760	4782	441076.00	631422.00
2010/12/15	4778	4814	4751	4772	756702.00	634042.00
2010/12/16	4765	4787	4757	4767	389226.00	625876.00
2010/12/17	4767	4794	4767	4791	406692.00	625434.00
2010/12/20	4810	4827	4770	4801	574278.00	629708.00
2010/12/21	4811	4832	4803	4822	482152.00	686696.00
2010/12/22	4830	4831	4783	4794	463988.00	636140.00
2010/12/23	4798	4799	4763	4774	387802.00	632388.00
2010/12/24	4776	4784	4743	4762	377644.00	621460.00
2010/12/27	4736	4770	4720	4734	407238.00	615062.00
2010/12/28	4738	4755	4737	4744	261366.00	598940.00
2010/12/29	4747	4778	4721	4770	496128.00	608974.00
2010/12/30	4766	4792	4752	4791	322462.00	574712.00
2010/12/31	4778	4814	4778	4812	279364.00	568186.00
2011/01/04	4830	4843	4805	4822	275428.00	576934.00
2011/01/05	4800	4817	4789	4793	214902.00	561420.00
2011/01/06	4806	4825	4802	4809	186136.00	557852.00
2011/01/07	4800	4828	4777	4793	369032.00	553694.00
2011/01/10	4801	4851	4801	4834	436038.00	549690.00
2011/01/11	4834	4844	4828	4843	183264.00	535096.00
2011/01/12	4860	4866	4833	4847	223236.00	543014.00
2011/01/13	4860	4865	4843	4861	168582.00	528286.00
2011/01/14	4866	4918	4852	4903	354032.00	544148.00
2011/01/17	4905	4933	4898	4919	252814.00	531762.00
2011/01/18	4916	4929	4887	4913	208070.00	518064.00
2011/01/19	4923	4941	4911	4931	179098.00	500434.00
2011/01/20	4921	4931	4913	4918	143046.00	486856.00
2011/01/21	4902	4956	4897	4950	236038.00	476296.00
2011/01/24	4959	4976	4950	4965	163504.00	462662.00
2011/01/25	4959	4978	4953	4967	111670.00	454316.00
2011/01/26	4956	4962	4920	4949	105288.00	441722.00
2011/01/27	4954	4958	4893	4930	167810.00	405718.00
2011/01/28	4920	4943	4919	4936	50848.00	386380.00
2011/01/31	4936	5000	4936	4996	80326.00	357876.00
2011/02/01	5001	5023	4985	5022	57202.00	342150.00
2011/02/09	5003	5028	4998	5013	57602.00	319272.00
2011/02/10	5017	5068	5011	5061	62324.00	310398.00
2011/02/11	5064	5110	5052	5068	87332.00	279212.00
2011/02/14	5074	5078	5037	5057	41080.00	269244.00
2011/02/15	5078	5084	5061	5062	38672.00	253224.00
2011/02/16	5041	5058	4993	5017	64186.00	234520.00
2011/02/17	5020	5029	4927	4936	63120.00	219796.00
2011/02/18	4964	4964	4918	4919	36854.00	209830.00
2011/02/21	4932	4965	4910	4950	53590.00	196848.00
2011/02/22	4958	4986	4904	4952	42054.00	183680.00
2011/02/23	4900	4930	4900	4920	38250.00	167812.00
2011/02/24	4925	4936	4878	4881	42556.00	151066.00
2011/02/25	4888	4898	4858	4867	24086.00	142560.00
2011/02/28	4874	4903	4860	4899	15682.00	137712.00
2011/03/01	4902	4914	4830	4835	31468.00	127676.00
2011/03/02	4830	4866	4815	4864	15296.00	123202.00
2011/03/03	4865	4883	4826	4841	17388.00	120220.00
2011/03/04	4842	4852	4818	4842	15876.00	115258.00
2011/03/07	4835	4854	4829	4848	13252.00	113192.00
2011/03/08	4832	4849	4790	4807	18492.00	108108.00
2011/03/09	4808	4820	4785	4800	8692.00	103854.00
2011/03/10	4785	4790	4693	4693	22686.00	91514.00
2011/03/11	4699	4699	4655	4659	17250.00	83204.00
2011/03/14	4651	4775	4640	4711	24136.00	75034.00
2011/03/15	4711	4771	4710	4757	22128.00	64768.00
2011/03/16	4751	4825	4751	4815	21332.00	56174.00
2011/03/17	4794	4836	4793	4820	15820.00	54714.00
2011/03/18	4832	4843	4700	4755	18674.00	46720.00
2011/03/21	4755	4755	4660	4661	13598.00	43244.00
2011/03/22	4646	4690	4641	4679	9736.00	41324.00
2011/03/23	4671	4736	4671	4729	10690.00	36284.00
2011/03/24	4738	4761	4699	4732	5490.00	34752.00
2011/03/25	4740	4743	4717	4735	4680.00	32380.00
2011/03/28	4729	4776	4729	4760	10608.00	27296.00
2011/03/29	4760	4793	4743	4768	10236.00	24520.00
2011/03/30	4789	4791	4744	4760	3562.00	22622.00
2011/03/31	4758	4779	4751	4757	7026.00	17280.00
2011/04/01	4769	4769	4740	4753	2970.00	15696.00
2011/04/06	4735	4805	4735	4800	5554.00	13876.00
2011/04/07	4810	4823	4804	4819	4434.00	11566.00
2011/04/08	4833	4859	4819	4857	2690.00	10524.00
2011/04/11	4866	4872	4838	4848	1920.00	9868.00
2011/04/12	4834	4864	4831	4844	2176.00	9284.00
2011/04/13	4830	4861	4814	4861	1310.00	8772.00
2011/04/14	4854	4875	4842	4856	1082.00	8412.00
2011/04/15	4870	4870	4650	4792	2278.00	8220.00
2011/04/18	4783	4819	4763	4810	1132.00	7760.00
2011/04/19	4772	4812	4760	4772	1456.00	7752.00
2011/04/20	4795	4809	4780	4809	1416.00	7232.00
2011/04/21	4821	4829	4805	4812	2872.00	6508.00
2011/04/22	4796	4825	4795	4818	1444.00	6036.00
2011/04/25	4831	4831	4810	4816	1494.00	6072.00
2011/04/26	4819	4857	4782	4856	1816.00	5704.00
2011/04/27	4839	4880	4839	4865	860.00	5314.00
2011/04/28	4865	4910	4865	4896	794.00	4770.00
2011/04/29	4896	5050	4871	4901	766.00	4262.00
2011/05/03	4900	4975	4900	4975	362.00	4080.00
2011/05/05	4998	5085	4998	5070	660.00	3540.00
2011/05/06	4980	4980	4980	4980	120.00	3540.00
2011/05/09	4920	4920	4920	4920	240.00	3300.00
2011/05/10	5080	5080	5080	5080	60.00	3240.00
2011/05/11	5099	5100	4826	4826	540.00	3000.00
2011/05/12	5039	5039	5039	5039	60.00	2940.00
2011/05/18	4992	4992	4850	4892	28.00	10.00
2011/05/19	4895	4900	4825	4881	40.00	8.00
2011/05/20	4948	4948	4886	4892	16.00	8.00
2011/05/23	4872	4890	4842	4845	292.00	126.00
2011/05/24	4830	4878	4830	4878	30.00	136.00
2011/05/26	4910	4910	4890	4890	18.00	142.00
2011/05/27	4800	4935	4800	4911	86.00	172.00
2011/05/30	4965	4965	4940	4955	88.00	228.00
2011/05/31	4966	4966	4947	4947	18.00	242.00
2011/06/01	4953	4960	4950	4960	14.00	248.00
2011/06/02	4936	4952	4923	4945	26.00	248.00
2011/06/03	4953	4953	4935	4953	10.00	246.00
2011/06/07	4925	4951	4925	4951	4.00	250.00
2011/06/08	4959	4969	4920	4960	108.00	308.00
2011/06/09	4950	4955	4943	4948	94.00	350.00
2011/06/10	4950	4955	4935	4940	42.00	370.00
2011/06/13	4920	4927	4901	4913	58.00	400.00
2011/06/14	4890	4915	4890	4910	114.00	394.00
2011/06/15	4906	4906	4900	4900	6.00	396.00
2011/06/16	4890	4893	4870	4878	18.00	404.00
2011/06/17	4840	4862	4827	4833	166.00	380.00
2011/06/20	4791	4791	4776	4776	8.00	376.00
2011/06/21	4758	4799	4744	4773	60.00	348.00
2011/06/22	4760	4764	4723	4735	148.00	342.00
2011/06/23	4730	4765	4730	4750	136.00	374.00
2011/06/24	4750	4780	4744	4758	14.00	374.00
2011/06/27	4759	4759	4724	4724	106.00	430.00
2011/06/28	4735	4739	4709	4723	130.00	468.00
2011/06/29	4720	4743	4720	4728	42.00	484.00
2011/06/30	4735	4760	4725	4733	536.00	808.00
2011/07/01	4718	4739	4717	4721	144.00	844.00
2011/07/04	4700	4816	4700	4816	320.00	818.00
2011/07/05	4816	4840	4810	4820	158.00	854.00
2011/07/06	4815	4850	4815	4845	114.00	910.00
2011/07/07	4887	4887	4830	4830	300.00	930.00
2011/07/08	4850	4856	4833	4845	50.00	944.00
2011/07/11	4845	4916	4845	4900	724.00	974.00
2011/07/12	4881	4898	4860	4898	784.00	1532.00
2011/07/13	4920	4920	4890	4903	214.00	1602.00
2011/07/14	4901	4902	4873	4886	220.00	1652.00
2011/07/15	4871	4895	4860	4874	210.00	1624.00
2011/07/18	4899	4910	4890	4903	68.00	1658.00
2011/07/19	4900	4918	4880	4917	324.00	1762.00
2011/07/20	4948	4948	4925	4926	134.00	1782.00
2011/07/21	4913	4936	4906	4910	100.00	1786.00
2011/07/22	4911	4928	4911	4922	64.00	1828.00
2011/07/25	4916	4916	4870	4870	306.00	1924.00
2011/07/26	4873	4900	4872	4899	144.00	1976.00
2011/07/27	4920	4940	4909	4918	82.00	1952.00
2011/07/28	4901	4949	4894	4935	326.00	2044.00
2011/07/29	4950	4950	4924	4930	182.00	2082.00
2011/08/01	4950	4966	4943	4953	316.00	2100.00
2011/08/02	4955	4957	4945	4950	70.00	2114.00
2011/08/03	4950	4965	4943	4944	100.00	2110.00
2011/08/04	4949	4951	4930	4930	152.00	2148.00
2011/08/05	4902	4902	4786	4825	946.00	2436.00
2011/08/08	4801	4829	4781	4812	878.00	2792.00
2011/08/09	4750	4809	4619	4790	832.00	2800.00
2011/08/10	4844	4844	4791	4808	356.00	2806.00
2011/08/11	4759	4828	4759	4815	380.00	2834.00
2011/08/12	4838	4847	4825	4825	244.00	2848.00
2011/08/15	4834	4863	4834	4863	624.00	3128.00
2011/08/16	4873	4878	4837	4850	1606.00	4096.00
2011/08/17	4850	4870	4843	4869	946.00	4570.00
2011/08/18	4888	4888	4831	4845	832.00	4932.00
2011/08/19	4795	4859	4795	4832	596.00	5106.00
2011/08/22	4833	4851	4828	4835	484.00	5204.00
2011/08/23	4834	4860	4833	4852	1094.00	5776.00
2011/08/24	4873	4873	4845	4847	302.00	5906.00
2011/08/25	4846	4858	4828	4838	2146.00	6712.00
2011/08/26	4846	4846	4820	4825	432.00	6776.00
2011/08/29	4831	4831	4792	4796	974.00	7236.00
2011/08/30	4804	4844	4804	4839	1148.00	7580.00
2011/08/31	4839	4859	4835	4857	612.00	7590.00
2011/09/01	4853	4862	4847	4851	372.00	7618.00
2011/09/02	4845	4855	4841	4855	972.00	8094.00
2011/09/05	4840	4859	4813	4830	1204.00	8648.00
2011/09/06	4828	4828	4813	4821	1384.00	9232.00
2011/09/07	4829	4851	4829	4842	1154.00	9128.00
2011/09/08	4857	4858	4836	4836	614.00	9160.00
2011/09/09	4846	4846	4819	4823	754.00	9494.00
2011/09/13	4800	4813	4794	4800	3348.00	11216.00
2011/09/14	4800	4808	4763	4776	5608.00	14058.00
2011/09/15	4780	4781	4761	4767	2334.00	14534.00
2011/09/16	4780	4780	4740	4747	3368.00	15924.00
2011/09/19	4730	4730	4654	4662	7422.00	19512.00
2011/09/20	4655	4660	4633	4653	13798.00	28240.00
2011/09/21	4649	4690	4635	4676	9658.00	32064.00
2011/09/22	4649	4649	4600	4604	14496.00	38610.00
2011/09/23	4481	4549	4470	4509	34250.00	53654.00
2011/09/26	4509	4520	4375	4401	28794.00	64610.00
2011/09/27	4480	4485	4411	4444	28148.00	70550.00
2011/09/28	4472	4472	4401	4417	28254.00	78734.00
2011/09/29	4301	4380	4296	4305	34774.00	86502.00
2011/09/30	4315	4351	4281	4342	56938.00	108958.00
2011/10/10	4350	4365	4323	4324	28632.00	115658.00
2011/10/11	4360	4397	4326	4329	72608.00	138216.00
2011/10/12	4310	4353	4267	4351	85426.00	148614.00
2011/10/13	4344	4351	4306	4322	56790.00	156306.00
2011/10/14	4300	4339	4296	4317	59268.00	161978.00
2011/10/17	4320	4326	4197	4213	170990.00	201464.00
2011/10/18	4180	4200	4112	4113	177736.00	243372.00
2011/10/19	4150	4150	4048	4076	246540.00	277700.00
2011/10/20	4020	4020	3895	3955	354596.00	315388.00
2011/10/21	3941	4025	3939	4002	234726.00	320042.00
2011/10/24	4046	4149	3985	4116	338296.00	296234.00
2011/10/25	4139	4162	4062	4070	420948.00	310316.00
2011/10/26	4030	4084	4015	4080	338082.00	323934.00
2011/10/27	4099	4106	4069	4088	256990.00	325730.00
2011/10/28	4144	4198	4103	4180	574946.00	363480.00
2011/10/31	4170	4187	4093	4133	568912.00	395586.00
2011/11/01	4143	4145	4051	4054	615762.00	439918.00
2011/11/02	4002	4046	3955	4045	1021990.00	520006.00
2011/11/03	4020	4053	3988	4006	1123376.00	610550.00
2011/11/04	4040	4129	4034	4121	1263124.00	557462.00
2011/11/07	4116	4140	4086	4106	1012902.00	558058.00
2011/11/08	4123	4151	4099	4141	990748.00	588526.00
2011/11/09	4151	4180	4135	4161	1116592.00	643116.00
2011/11/10	4100	4108	3998	4050	1368526.00	671870.00
2011/11/11	4074	4155	4070	4149	1183642.00	623586.00
2011/11/14	4180	4219	4170	4189	1131236.00	634106.00
2011/11/15	4162	4180	4150	4157	822576.00	663378.00
2011/11/16	4169	4211	4128	4134	961878.00	697734.00
2011/11/17	4150	4185	4130	4178	830074.00	646612.00
2011/11/18	4119	4167	4100	4154	751194.00	631848.00
2011/11/21	4150	4157	4055	4086	1401414.00	788422.00
2011/11/22	4051	4092	4040	4089	909468.00	766244.00
2011/11/23	4089	4104	4035	4039	884400.00	821198.00
2011/11/24	4020	4079	3995	4073	1285402.00	794762.00
2011/11/25	4059	4069	4028	4045	803530.00	798492.00
2011/11/28	4075	4102	4050	4084	849788.00	781192.00
2011/11/29	4090	4132	4086	4125	1079002.00	704976.00
2011/11/30	4126	4139	4070	4075	995530.00	727588.00
2011/12/01	4222	4247	4156	4174	1022786.00	696346.00
2011/12/02	4158	4168	4138	4163	746252.00	677270.00
2011/12/05	4161	4177	4157	4164	554640.00	677940.00
2011/12/06	4160	4162	4125	4160	659802.00	700240.00
2011/12/07	4174	4184	4155	4182	505738.00	675364.00
2011/12/08	4170	4178	4153	4176	544826.00	646684.00
2011/12/09	4151	4180	4149	4169	503062.00	658106.00
2011/12/12	4180	4180	4151	4168	573072.00	666992.00
2011/12/13	4151	4159	4133	4151	608374.00	679584.00
2011/12/14	4141	4162	4131	4153	455048.00	686318.00
2011/12/15	4100	4138	4100	4124	686992.00	702476.00
2011/12/16	4131	4190	4128	4189	798444.00	706494.00
2011/12/19	4189	4190	4154	4170	658816.00	684474.00
2011/12/20	4169	4183	4161	4174	493206.00	698906.00
2011/12/21	4197	4204	4175	4181	557858.00	694326.00
2011/12/22	4181	4208	4168	4206	553946.00	698516.00
2011/12/23	4208	4231	4201	4226	730982.00	682206.00
2011/12/26	4225	4244	4218	4226	613024.00	655242.00
2011/12/27	4225	4243	4222	4235	456354.00	655136.00
2011/12/28	4238	4243	4218	4236	515666.00	630046.00
2011/12/29	4220	4233	4198	4201	498938.00	621264.00
2011/12/30	4202	4214	4186	4210	658394.00	615478.00
2012/01/04	4235	4236	4158	4159	750376.00	700316.00
2012/01/05	4153	4194	4145	4178	675912.00	706862.00
2012/01/06	4168	4196	4163	4196	520198.00	663620.00
2012/01/09	4187	4193	4160	4185	573424.00	680172.00
2012/01/10	4185	4217	4175	4215	479106.00	654236.00
2012/01/11	4227	4233	4206	4224	419336.00	642846.00
2012/01/12	4223	4231	4211	4223	327884.00	623656.00
2012/01/13	4230	4235	4213	4229	345620.00	615220.00
2012/01/16	4210	4245	4202	4240	386556.00	566390.00
2012/01/17	4243	4315	4242	4295	611252.00	524682.00
2012/01/18	4296	4321	4287	4301	442328.00	504012.00
2012/01/19	4310	4319	4298	4310	219488.00	463212.00
2012/01/20	4310	4334	4298	4323	292970.00	435502.00
2012/01/30	4321	4347	4317	4320	243356.00	465236.00
2012/01/31	4320	4326	4258	4297	410132.00	507670.00
2012/02/01	4288	4302	4284	4285	299214.00	508090.00
2012/02/02	4294	4320	4291	4318	349826.00	544700.00
2012/02/03	4318	4332	4310	4332	260168.00	527582.00
2012/02/06	4340	4349	4323	4330	323560.00	525090.00
2012/02/07	4330	4335	4272	4274	629716.00	576332.00
2012/02/08	4284	4342	4278	4337	648606.00	560084.00
2012/02/09	4328	4337	4290	4297	584068.00	536830.00
2012/02/10	4300	4313	4282	4286	530728.00	582990.00
2012/02/13	4267	4279	4240	4261	563756.00	611924.00
2012/02/14	4250	4265	4247	4252	348404.00	627824.00
2012/02/15	4253	4256	4186	4189	941858.00	744456.00
2012/02/16	4175	4188	4155	4169	810224.00	727332.00
2012/02/17	4183	4192	4148	4157	669080.00	715732.00
2012/02/20	4190	4192	4168	4178	482652.00	717338.00
2012/02/21	4180	4228	4172	4228	785570.00	644934.00
2012/02/22	4230	4258	4222	4251	570998.00	575884.00
2012/02/23	4248	4255	4225	4237	410754.00	548332.00
2012/02/24	4231	4239	4215	4234	355322.00	548120.00
2012/02/27	4247	4289	4240	4278	376758.00	507470.00
2012/02/28	4273	4295	4267	4295	255536.00	473012.00
2012/02/29	4290	4305	4276	4300	176002.00	438012.00
2012/03/01	4285	4308	4277	4277	140788.00	401742.00
2012/03/02	4290	4295	4280	4290	111242.00	376840.00
2012/03/05	4282	4297	4252	4260	138912.00	329780.00
2012/03/06	4263	4271	4252	4258	64190.00	316228.00
2012/03/07	4236	4255	4225	4245	78788.00	289992.00
2012/03/08	4250	4276	4250	4270	53616.00	276492.00
2012/03/09	4280	4303	4279	4299	73176.00	250494.00
2012/03/12	4320	4320	4298	4310	43338.00	234920.00
2012/03/13	4309	4316	4304	4310	34638.00	217966.00
2012/03/14	4320	4321	4287	4295	40524.00	202322.00
2012/03/15	4305	4324	4288	4312	45174.00	184366.00
2012/03/16	4312	4324	4299	4309	18486.00	176194.00
2012/03/19	4310	4318	4304	4315	14112.00	170784.00
2012/03/20	4316	4320	4300	4309	14312.00	163414.00
2012/03/21	4300	4332	4299	4331	30804.00	145582.00
2012/03/22	4333	4335	4321	4325	13318.00	140938.00
2012/03/23	4317	4325	4312	4318	11984.00	135176.00
2012/03/26	4318	4330	4317	4324	9962.00	131936.00
2012/03/27	4328	4341	4326	4340	17502.00	125528.00
2012/03/28	4334	4338	4315	4316	13846.00	118322.00
2012/03/29	4310	4314	4291	4304	20086.00	106592.00
2012/03/30	4300	4318	4299	4306	23372.00	95714.00
2012/04/05	4300	4334	4289	4326	12028.00	89550.00
2012/04/06	4327	4346	4327	4346	14300.00	82564.00
2012/04/09	4355	4366	4336	4348	10862.00	75048.00
2012/04/10	4341	4358	4341	4355	7420.00	70782.00
2012/04/11	4339	4355	4335	4355	10914.00	62452.00
2012/04/12	4351	4381	4350	4379	14236.00	52972.00
2012/04/13	4383	4383	4362	4367	7682.00	48260.00
2012/04/16	4362	4362	4328	4328	10646.00	42430.00
2012/04/17	4330	4340	4308	4312	8048.00	37170.00
2012/04/18	4317	4328	4309	4325	6404.00	34708.00
2012/04/19	4315	4326	4300	4303	5474.00	31600.00
2012/04/20	4310	4315	4298	4305	3246.00	29688.00
2012/04/23	4309	4310	4285	4286	6432.00	24544.00
2012/04/24	4281	4285	4266	4269	3996.00	21534.00
2012/04/25	4266	4276	4252	4275	6308.00	18964.00
2012/04/26	4285	4290	4272	4288	4152.00	17286.00
2012/04/27	4291	4296	4185	4185	5678.00	15728.00
2012/05/02	4261	4283	4261	4264	2708.00	14100.00
2012/05/03	4255	4265	4255	4255	1740.00	12600.00
2012/05/04	4261	4275	4261	4263	180.00	12540.00
2012/05/07	4251	4260	4246	4260	1620.00	11640.00
2012/05/08	4256	4259	4249	4249	660.00	11160.00
2012/05/09	4243	4249	4185	4185	1380.00	10200.00
2012/05/10	4229	4236	4229	4236	780.00	9480.00
2012/05/11	4195	4220	4191	4220	300.00	9240.00
2012/05/14	4182	4230	4182	4215	720.00	8580.00
2012/05/15	4151	4198	4066	4066	600.00	8220.00
2012/05/17	4155	4155	4080	4106	20.00	12.00
2012/05/18	4078	4102	4071	4071	32.00	36.00
2012/05/21	4071	4115	4071	4102	28.00	44.00
2012/05/22	4122	4122	4090	4090	44.00	80.00
2012/05/23	4055	4079	4041	4068	86.00	158.00
2012/05/24	4040	4063	4040	4062	74.00	208.00
2012/05/25	4060	4069	4051	4066	172.00	342.00
2012/05/28	4097	4129	4081	4129	184.00	390.00
2012/05/29	4107	4143	4107	4143	122.00	448.00
2012/05/30	4132	4139	4123	4131	108.00	492.00
2012/05/31	4027	4139	4027	4127	150.00	492.00
2012/06/01	4127	4129	4115	4119	48.00	496.00
2012/06/04	4080	4090	4039	4048	408.00	744.00
2012/06/05	4060	4110	4060	4088	100.00	786.00
2012/06/06	4098	4139	4088	4099	172.00	770.00
2012/06/07	4130	4133	4097	4109	116.00	824.00
2012/06/08	4097	4123	4087	4110	140.00	848.00
2012/06/11	4129	4136	4103	4129	122.00	844.00
2012/06/12	4100	4115	4085	4108	188.00	902.00
2012/06/13	4111	4121	4105	4113	1450.00	2196.00
2012/06/14	4107	4128	4103	4113	154.00	2246.00
2012/06/15	4130	4145	4126	4145	202.00	2382.00
2012/06/18	4188	4188	4138	4142	98.00	2386.00
2012/06/19	4146	4146	4133	4143	220.00	2520.00
2012/06/20	4152	4161	4152	4159	158.00	2618.00
2012/06/21	4149	4150	4137	4143	294.00	2778.00
2012/06/25	4136	4143	4125	4130	228.00	2756.00
2012/06/26	4130	4130	4094	4103	502.00	3102.00
2012/06/27	4099	4100	4086	4088	328.00	3340.00
2012/06/28	4098	4101	4083	4099	564.00	3702.00
2012/06/29	4081	4109	4071	4090	566.00	3718.00
2012/07/02	4099	4120	4048	4057	616.00	3994.00
2012/07/03	4058	4109	4052	4099	1388.00	4208.00
2012/07/04	4107	4115	4092	4106	228.00	4222.00
2012/07/05	4105	4118	4095	4110	214.00	4300.00
2012/07/06	4106	4112	4100	4105	148.00	4326.00
2012/07/09	4095	4095	4054	4062	534.00	4532.00
2012/07/10	4056	4058	3995	4001	1010.00	5072.00
2012/07/11	4000	4002	3968	3979	1004.00	5394.00
2012/07/12	3982	3991	3956	3972	1756.00	6142.00
2012/07/13	3972	3995	3960	3994	1276.00	6156.00
2012/07/16	3995	3999	3948	3953	2136.00	7074.00
2012/07/17	3958	3958	3918	3930	1552.00	7464.00
2012/07/18	3935	3935	3911	3922	1054.00	7702.00
2012/07/19	3928	3928	3884	3888	1788.00	8580.00
2012/07/20	3899	3899	3822	3825	3194.00	10208.00
2012/07/23	3789	3799	3742	3766	8212.00	13256.00
2012/07/24	3753	3797	3740	3763	11078.00	15850.00
2012/07/25	3752	3778	3725	3752	6386.00	15540.00
2012/07/26	3763	3774	3741	3755	6444.00	17818.00
2012/07/27	3774	3798	3759	3795	6826.00	19020.00
2012/07/30	3800	3808	3755	3779	7326.00	20634.00
2012/07/31	3775	3793	3775	3787	7640.00	22228.00
2012/08/01	3779	3779	3730	3734	8926.00	25142.00
2012/08/02	3726	3726	3693	3711	7946.00	27466.00
2012/08/03	3685	3724	3672	3712	6912.00	28602.00
2012/08/06	3718	3737	3705	3727	6944.00	29648.00
2012/08/07	3730	3738	3719	3735	6214.00	30816.00
2012/08/08	3733	3748	3719	3725	10192.00	33032.00
2012/08/09	3733	3746	3719	3744	8598.00	36064.00
2012/08/10	3740	3770	3735	3766	9332.00	36042.00
2012/08/13	3768	3772	3728	3731	8414.00	37508.00
2012/08/14	3735	3741	3700	3722	8418.00	37742.00
2012/08/15	3712	3738	3703	3723	7764.00	39374.00
2012/08/16	3725	3727	3704	3704	7386.00	41924.00
2012/08/17	3710	3715	3674	3685	18352.00	49368.00
2012/08/20	3686	3686	3664	3666	10570.00	53242.00
2012/08/21	3660	3665	3637	3651	17104.00	58394.00
2012/08/22	3659	3667	3618	3620	20882.00	64766.00
2012/08/23	3623	3628	3581	3598	29564.00	72970.00
2012/08/24	3593	3593	3554	3560	20706.00	80106.00
2012/08/27	3550	3576	3544	3568	17210.00	84684.00
2012/08/28	3555	3562	3524	3526	28444.00	92478.00
2012/08/29	3525	3537	3404	3536	109064.00	112020.00
2012/08/30	3520	3549	3466	3542	94882.00	117736.00
2012/08/31	3525	3541	3489	3489	65706.00	122012.00
2012/09/03	3479	3479	3428	3428	101590.00	141014.00
2012/09/04	3412	3412	3324	3337	163800.00	166106.00
2012/09/05	3315	3330	3267	3274	200252.00	192520.00
2012/09/06	3265	3349	3257	3333	247532.00	195178.00
2012/09/07	3326	3468	3325	3468	376438.00	169572.00
2012/09/10	3498	3550	3460	3539	361244.00	180668.00
2012/09/11	3536	3540	3490	3524	259294.00	178246.00
2012/09/12	3501	3574	3497	3529	273130.00	187954.00
2012/09/13	3512	3542	3507	3514	143750.00	181140.00
2012/09/14	3575	3668	3575	3615	228774.00	178020.00
2012/09/17	3605	3633	3578	3619	222500.00	196682.00
2012/09/18	3601	3659	3592	3640	183022.00	196614.00
2012/09/19	3655	3679	3637	3679	180682.00	203354.00
2012/09/20	3667	3676	3541	3542	320964.00	229606.00
2012/09/21	3554	3567	3505	3537	323910.00	244354.00
2012/09/24	3526	3602	3516	3592	253756.00	242358.00
2012/09/25	3601	3624	3585	3587	223054.00	244648.00
2012/09/26	3578	3622	3555	3582	201488.00	234446.00
2012/09/27	3573	3670	3565	3607	166194.00	225678.00
2012/09/28	3615	3634	3598	3634	81246.00	213676.00
2012/10/08	3657	3695	3652	3680	171758.00	223994.00
2012/10/09	3698	3708	3680	3698	203848.00	251452.00
2012/10/10	3691	3721	3676	3705	246634.00	282258.00
2012/10/11	3691	3699	3636	3655	283698.00	304360.00
2012/10/12	3656	3686	3638	3646	317228.00	336702.00
2012/10/15	3609	3633	3555	3556	546086.00	449706.00
2012/10/16	3561	3592	3531	3589	974986.00	533370.00
2012/10/17	3590	3666	3563	3657	1910666.00	623578.00
2012/10/18	3670	3685	3655	3675	1139592.00	646686.00
2012/10/19	3678	3683	3634	3651	1402866.00	654286.00
2012/10/22	3640	3733	3624	3732	2415424.00	887768.00
2012/10/23	3733	3746	3653	3660	3274936.00	807508.00
2012/10/24	3653	3693	3647	3684	2505778.00	817404.00
2012/10/25	3680	3698	3653	3679	2395024.00	863754.00
2012/10/26	3674	3702	3655	3683	2704280.00	834678.00
2012/10/29	3686	3696	3616	3619	2832374.00	1001290.00
2012/10/30	3615	3640	3608	3628	1686068.00	969376.00
2012/10/31	3630	3637	3589	3634	2547820.00	977100.00
2012/11/01	3631	3689	3626	3679	2278022.00	949778.00
2012/11/02	3675	3695	3654	3676	2174920.00	947470.00
2012/11/05	3655	3675	3617	3641	2523272.00	991722.00
2012/11/06	3650	3658	3621	3642	1975530.00	998532.00
2012/11/07	3648	3657	3624	3634	2034904.00	1075158.00
2012/11/08	3605	3638	3594	3627	1699292.00	1059268.00
2012/11/09	3635	3673	3628	3640	2328602.00	1070130.00
2012/11/12	3631	3677	3620	3666	2321464.00	1085660.00
2012/11/13	3660	3670	3641	3649	1684364.00	1060402.00
2012/11/14	3654	3657	3627	3642	1462954.00	1052238.00
2012/11/15	3635	3661	3633	3644	1467342.00	1057280.00
2012/11/16	3643	3658	3635	3643	1045096.00	1002998.00
2012/11/19	3637	3639	3542	3544	3246954.00	1409880.00
2012/11/20	3555	3565	3539	3552	1898612.00	1344640.00
2012/11/21	3555	3579	3551	3570	1448990.00	1254238.00
2012/11/22	3568	3571	3533	3564	2306830.00	1259764.00
2012/11/23	3557	3577	3552	3571	1350758.00	1194220.00
2012/11/26	3560	3567	3543	3553	1309970.00	1214056.00
2012/11/27	3551	3555	3521	3537	2012380.00	1255278.00
2012/11/28	3530	3541	3524	3525	1196026.00	1279238.00
2012/11/29	3520	3521	3467	3468	2321780.00	1448140.00
2012/11/30	3476	3495	3464	3495	2288480.00	1352618.00
2012/12/03	3483	3568	3482	3551	2248004.00	1257752.00
2012/12/04	3546	3569	3536	3562	1566298.00	1226182.00
2012/12/05	3565	3632	3554	3619	2635092.00	1240148.00
2012/12/06	3621	3635	3582	3595	2215104.00	1244484.00
2012/12/07	3595	3658	3590	3656	2735394.00	1361540.00
2012/12/10	3666	3707	3664	3679	2309468.00	1332976.00
2012/12/11	3673	3690	3653	3664	2102290.00	1344042.00
2012/12/12	3664	3703	3655	3691	2896950.00	1477650.00
2012/12/13	3695	3703	3667	3684	2130976.00	1423328.00
2012/12/14	3683	3790	3676	3786	3537308.00	1486718.00
2012/12/17	3788	3836	3779	3812	2635746.00	1412708.00
2012/12/18	3816	3841	3789	3819	3239534.00	1420642.00
2012/12/19	3812	3827	3793	3818	2751466.00	1462176.00
2012/12/20	3813	3822	3764	3789	3037022.00	1421808.00
2012/12/21	3779	3832	3772	3793	2602290.00	1353428.00
2012/12/24	3783	3796	3770	3790	1615326.00	1365516.00
2012/12/25	3785	3885	3780	3873	3741282.00	1384046.00
2012/12/26	3870	3883	3862	3878	1777464.00	1332364.00
2012/12/27	3895	3958	3857	3869	3370406.00	1178716.00
2012/12/28	3870	3916	3869	3916	1984868.00	1161322.00
2012/12/31	3921	3993	3916	3988	2403872.00	1120288.00
2013/01/04	4018	4023	3966	3990	2305966.00	1208310.00
2013/01/07	4029	4047	3994	4004	2896484.00	1391856.00
2013/01/08	4014	4020	3968	4010	2523894.00	1372826.00
2013/01/09	4009	4015	3976	3998	2208806.00	1368910.00
2013/01/10	3994	4030	3982	4020	2885508.00	1431692.00
2013/01/11	4022	4029	3918	3925	3186202.00	1280732.00
2013/01/14	3930	4026	3893	4004	3884908.00	1342386.00
2013/01/15	4005	4012	3969	3977	2434790.00	1356304.00
2013/01/16	3965	3969	3896	3934	2696402.00	1325568.00
2013/01/17	3930	3948	3899	3946	2441574.00	1307512.00
2013/01/18	3960	4004	3952	4002	2346678.00	1286920.00
2013/01/21	3991	4012	3962	3965	2373354.00	1305804.00
2013/01/22	3969	3990	3945	3987	2299268.00	1304862.00
2013/01/23	3990	4055	3980	4053	2698600.00	1479668.00
2013/01/24	4053	4067	3997	4032	3701298.00	1433814.00
2013/01/25	4040	4085	4035	4076	3541296.00	1579068.00
2013/01/28	4075	4080	4056	4068	1843148.00	1430354.00
2013/01/29	4061	4075	4043	4069	1691260.00	1395986.00
2013/01/30	4071	4131	4071	4114	2323038.00	1437552.00
2013/01/31	4126	4130	4100	4127	1470028.00	1332500.00
2013/02/01	4121	4170	4111	4168	2108662.00	1376852.00
2013/02/04	4179	4235	4174	4221	1635588.00	1213904.00
2013/02/05	4201	4205	4117	4140	2017310.00	918566.00
2013/02/06	4150	4151	4094	4109	1140156.00	832292.00
2013/02/07	4114	4135	4086	4124	698148.00	686640.00
2013/02/08	4125	4139	4115	4127	313548.00	605274.00
2013/02/18	4130	4150	4055	4059	363908.00	566734.00
2013/02/19	4062	4118	4062	4090	310334.00	554748.00
2013/02/20	4097	4117	4086	4096	243576.00	543828.00
2013/02/21	4064	4083	3990	4014	390126.00	454428.00
2013/02/22	4000	4027	3966	3977	176090.00	413038.00
2013/02/25	3972	3977	3931	3937	199896.00	349110.00
2013/02/26	3920	3955	3901	3903	176692.00	308054.00
2013/02/27	3911	3939	3899	3929	131644.00	290282.00
2013/02/28	3928	3988	3928	3980	97862.00	266614.00
2013/03/01	3974	3979	3911	3953	105846.00	243148.00
2013/03/04	3921	3928	3868	3875	155382.00	204654.00
2013/03/05	3878	3916	3877	3915	76186.00	184220.00
2013/03/06	3920	3933	3895	3917	79164.00	165550.00
2013/03/07	3910	3925	3900	3908	56906.00	155544.00
2013/03/08	3916	3932	3886	3912	60240.00	146150.00
2013/03/11	3904	3918	3871	3893	66868.00	132184.00
2013/03/12	3893	3905	3878	3891	56976.00	118256.00
2013/03/13	3895	3895	3797	3803	85470.00	98216.00
2013/03/14	3797	3799	3725	3746	68718.00	81358.00
2013/03/15	3746	3859	3742	3807	62206.00	69910.00
2013/03/18	3798	3817	3751	3786	36326.00	63076.00
2013/03/19	3790	3798	3777	3795	14784.00	61174.00
2013/03/20	3795	3837	3780	3828	19610.00	57460.00
2013/03/21	3830	3865	3830	3840	22198.00	59280.00
2013/03/22	3836	3850	3806	3806	11986.00	56696.00
2013/03/25	3818	3848	3813	3836	12590.00	55040.00
2013/03/26	3831	3862	3810	3820	13842.00	55052.00
2013/03/27	3828	3848	3821	3831	14662.00	51354.00
2013/03/28	3836	3841	3773	3780	17706.00	49484.00
2013/03/29	3772	3795	3740	3762	11052.00	47190.00
2013/04/01	3745	3754	3661	3667	24742.00	39038.00
2013/04/02	3667	3715	3661	3710	15830.00	34140.00
2013/04/03	3707	3755	3701	3738	18962.00	29750.00
2013/04/08	3728	3756	3725	3750	7296.00	29304.00
2013/04/09	3767	3767	3735	3740	6146.00	27896.00
2013/04/10	3744	3752	3716	3721	3394.00	27598.00
2013/04/11	3720	3750	3702	3702	4374.00	27108.00
2013/04/12	3706	3714	3696	3712	3696.00	25752.00
2013/04/15	3698	3700	3632	3645	8992.00	22438.00
2013/04/16	3620	3620	3553	3581	16300.00	17808.00
2013/04/17	3581	3599	3551	3562	5396.00	16536.00
2013/04/18	3520	3520	3444	3494	5820.00	15488.00
2013/04/19	3506	3529	3491	3516	2496.00	14758.00
2013/04/22	3537	3552	3500	3503	1702.00	14396.00
2013/04/23	3503	3509	3465	3471	4314.00	13626.00
2013/04/24	3471	3498	3466	3477	2994.00	12962.00
2013/04/25	3480	3489	3467	3467	1696.00	12506.00
2013/04/26	3488	3500	3418	3500	4854.00	12540.00
2013/05/02	3459	3475	3425	3450	3420.00	10080.00
2013/05/03	3450	3469	3450	3465	1020.00	9240.00
2013/05/06	3485	3485	3435	3447	480.00	9240.00
2013/05/07	3471	3480	3471	3480	120.00	9180.00
2013/05/08	3480	3480	3477	3478	300.00	9180.00
2013/05/09	3480	3490	3400	3430	540.00	9060.00
2013/05/10	3465	3470	3401	3401	540.00	9000.00
2013/05/13	3401	3469	3401	3469	720.00	8940.00
2013/05/14	3462	3462	3405	3405	420.00	8880.00
2013/05/15	3401	3410	3391	3395	1080.00	8880.00
2013/05/16	3700	3793	3680	3695	42.00	24.00
2013/05/17	3705	3737	3658	3737	470.00	194.00
2013/05/20	3724	3750	3719	3738	122.00	242.00
2013/05/21	3738	3738	3701	3723	112.00	228.00
2013/05/22	3703	3729	3680	3712	626.00	622.00
2013/05/23	3687	3694	3660	3669	760.00	702.00
2013/05/24	3675	3688	3661	3685	336.00	770.00
2013/05/27	3670	3679	3631	3645	890.00	794.00
2013/05/28	3645	3649	3624	3638	616.00	800.00
2013/05/29	3626	3648	3586	3586	1392.00	872.00
2013/05/30	3573	3596	3562	3580	1318.00	1212.00
2013/05/31	3580	3593	3547	3557	1338.00	1346.00
2013/06/03	3568	3628	3568	3628	1316.00	1288.00
2013/06/04	3626	3643	3613	3641	1182.00	1292.00
2013/06/05	3671	3671	3640	3655	990.00	1634.00
2013/06/06	3641	3641	3580	3583	2044.00	2232.00
2013/06/07	3582	3589	3564	3588	1000.00	2460.00
2013/06/13	3557	3596	3557	3570	666.00	2620.00
2013/06/14	3583	3595	3550	3587	1026.00	2952.00
2013/06/17	3596	3678	3596	3643	1644.00	3016.00
2013/06/18	3654	3662	3641	3659	472.00	3028.00
2013/06/19	3660	3687	3640	3687	624.00	3028.00
2013/06/20	3673	3678	3626	3647	1518.00	3166.00
2013/06/21	3636	3696	3590	3696	3172.00	3166.00
2013/06/24	3687	3687	3627	3627	1290.00	3176.00
2013/06/25	3631	3645	3580	3616	1800.00	3510.00
2013/06/26	3624	3624	3546	3561	2252.00	4098.00
2013/06/27	3563	3621	3538	3609	2810.00	3928.00
2013/06/28	3606	3635	3595	3616	1368.00	4092.00
2013/07/01	3611	3624	3587	3619	1228.00	4186.00
2013/07/02	3625	3646	3619	3644	1242.00	4292.00
2013/07/03	3649	3698	3643	3687	2548.00	4530.00
2013/07/04	3681	3701	3680	3690	1716.00	4596.00
2013/07/05	3691	3705	3690	3693	1376.00	4548.00
2013/07/08	3691	3696	3657	3681	2658.00	4558.00
2013/07/09	3663	3695	3663	3672	1336.00	4552.00
2013/07/10	3674	3712	3659	3706	2848.00	5220.00
2013/07/11	3724	3762	3702	3716	3382.00	5146.00
2013/07/12	3703	3731	3699	3705	6016.00	7980.00
2013/07/15	3712	3740	3708	3709	2762.00	8368.00
2013/07/16	3715	3730	3701	3724	2222.00	8924.00
2013/07/17	3719	3749	3719	3737	3376.00	9716.00
2013/07/18	3727	3735	3717	3733	1868.00	9590.00
2013/07/19	3732	3758	3732	3746	1992.00	9854.00
2013/07/22	3747	3749	3717	3723	5202.00	12032.00
2013/07/23	3727	3740	3725	3734	1922.00	12324.00
2013/07/24	3738	3755	3724	3748	3152.00	12284.00
2013/07/25	3740	3751	3734	3736	1286.00	12382.00
2013/07/26	3739	3742	3712	3721	2106.00	12272.00
2013/07/29	3700	3709	3680	3683	3988.00	12912.00
2013/07/30	3682	3695	3678	3680	3312.00	14618.00
2013/07/31	3662	3709	3662	3689	7772.00	15188.00
2013/08/01	3700	3710	3687	3699	4012.00	14690.00
2013/08/02	3710	3724	3703	3721	7806.00	17296.00
2013/08/05	3717	3734	3717	3729	2652.00	17718.00
2013/08/06	3728	3738	3718	3733	3020.00	17748.00
2013/08/07	3727	3764	3727	3759	6882.00	20770.00
2013/08/08	3762	3795	3762	3793	7240.00	19558.00
2013/08/09	3799	3802	3765	3802	10762.00	22092.00
2013/08/12	3838	3858	3806	3858	5670.00	22950.00
2013/08/13	3859	3885	3850	3883	25946.00	30052.00
2013/08/14	3883	3895	3854	3864	8994.00	31836.00
2013/08/15	3869	3877	3860	3865	6460.00	33582.00
2013/08/16	3861	3882	3850	3861	9910.00	35090.00
2013/08/19	3856	3890	3837	3861	18984.00	42710.00
2013/08/20	3864	3880	3854	3858	20658.00	52694.00
2013/08/21	3860	3872	3853	3854	8334.00	53856.00
2013/08/22	3850	3868	3835	3840	13162.00	52448.00
2013/08/23	3836	3893	3836	3887	20364.00	54606.00
2013/08/26	3896	3923	3876	3882	23370.00	55756.00
2013/08/27	3882	3898	3849	3889	19328.00	55818.00
2013/08/28	3894	3904	3836	3837	24966.00	56790.00
2013/08/29	3836	3860	3803	3819	29316.00	60200.00
2013/08/30	3818	3843	3808	3824	15450.00	61332.00
2013/09/02	3846	3880	3840	3880	23922.00	64604.00
2013/09/03	3890	3890	3841	3844	22866.00	65656.00
2013/09/04	3845	3857	3834	3840	17600.00	69274.00
2013/09/05	3824	3850	3824	3826	22382.00	69710.00
2013/09/06	3818	3829	3797	3805	31702.00	77344.00
2013/09/09	3813	3843	3813	3832	28000.00	83654.00
2013/09/10	3830	3838	3805	3818	19472.00	84650.00
2013/09/11	3819	3837	3810	3821	25304.00	84540.00
2013/09/12	3815	3825	3800	3801	18540.00	88672.00
2013/09/13	3795	3798	3738	3739	78138.00	102364.00
2013/09/16	3741	3752	3707	3721	36336.00	104210.00
2013/09/17	3733	3739	3711	3724	30474.00	104742.00
2013/09/18	3719	3735	3703	3721	43572.00	99484.00
2013/09/23	3710	3752	3704	3750	54418.00	106778.00
2013/09/24	3745	3757	3712	3712	52490.00	107862.00
2013/09/25	3712	3725	3705	3714	29932.00	106308.00
2013/09/26	3705	3716	3690	3699	34312.00	105670.00
2013/09/27	3695	3698	3669	3672	39496.00	105012.00
2013/09/30	3676	3697	3676	3691	29140.00	100726.00
2013/10/08	3685	3694	3637	3694	71806.00	123704.00
2013/10/09	3694	3718	3669	3670	205618.00	232574.00
2013/10/10	3666	3695	3664	3686	97930.00	247660.00
2013/10/11	3693	3709	3660	3681	160100.00	305650.00
2013/10/14	3685	3725	3677	3723	228990.00	360554.00
2013/10/15	3718	3744	3695	3711	403052.00	423612.00
2013/10/16	3714	3719	3680	3690	372164.00	501174.00
2013/10/17	3700	3708	3668	3669	460630.00	588084.00
2013/10/18	3671	3675	3639	3643	879848.00	755226.00
2013/10/21	3628	3656	3623	3644	819270.00	802692.00
2013/10/22	3638	3659	3635	3642	617844.00	859838.00
2013/10/23	3645	3661	3624	3634	911702.00	864280.00
2013/10/24	3619	3628	3601	3617	954872.00	891736.00
2013/10/25	3615	3624	3582	3585	796812.00	926726.00
2013/10/28	3587	3595	3575	3586	589820.00	949062.00
2013/10/29	3588	3608	3576	3608	1083038.00	1017406.00
2013/10/30	3610	3645	3607	3645	1190512.00	1151774.00
2013/10/31	3640	3651	3623	3636	1152622.00	1199354.00
2013/11/01	3638	3681	3632	3671	1771784.00	1326042.00
2013/11/04	3675	3685	3661	3677	1256126.00	1439576.00
2013/11/05	3682	3692	3654	3669	1371586.00	1517904.00
2013/11/06	3670	3677	3636	3642	1492144.00	1526576.00
2013/11/07	3643	3688	3643	3679	1910172.00	1501678.00
2013/11/08	3680	3686	3658	3661	1341632.00	1513220.00
2013/11/11	3650	3677	3633	3668	1523286.00	1466372.00
2013/11/12	3668	3681	3657	3670	1267998.00	1483652.00
2013/11/13	3660	3678	3647	3647	1582304.00	1519674.00
2013/11/14	3641	3650	3614	3620	1902964.00	1519356.00
2013/11/15	3624	3636	3590	3591	1936398.00	1601814.00
2013/11/18	3596	3608	3583	3592	1339696.00	1572632.00
2013/11/19	3585	3625	3585	3624	1689192.00	1538180.00
2013/11/20	3630	3651	3623	3646	1905328.00	1632208.00
2013/11/21	3644	3646	3607	3612	1674888.00	1624172.00
2013/11/22	3616	3635	3610	3614	1222570.00	1571758.00
2013/11/25	3624	3642	3614	3636	1475922.00	1571414.00
2013/11/26	3640	3677	3636	3660	2424668.00	1609358.00
2013/11/27	3658	3664	3645	3650	1382060.00	1632286.00
2013/11/28	3648	3682	3646	3670	1725370.00	1544494.00
2013/11/29	3674	3680	3662	3670	935964.00	1523448.00
2013/12/02	3671	3698	3670	3695	1520018.00	1543206.00
2013/12/03	3690	3709	3687	3709	1341546.00	1557234.00
2013/12/04	3710	3727	3708	3713	1475374.00	1591704.00
2013/12/05	3716	3718	3692	3693	1243242.00	1591636.00
2013/12/06	3692	3704	3683	3702	1151966.00	1592986.00
2013/12/09	3703	3726	3703	3722	1356200.00	1663624.00
2013/12/10	3726	3737	3708	3716	1122538.00	1661188.00
2013/12/11	3718	3738	3691	3735	1933408.00	1672764.00
2013/12/12	3741	3745	3725	3729	1238166.00	1724520.00
2013/12/13	3728	3729	3661	3676	2446196.00	1528546.00
2013/12/16	3680	3694	3668	3671	1300370.00	1482104.00
2013/12/17	3675	3689	3662	3663	1377856.00	1527492.00
2013/12/18	3663	3663	3644	3656	1292080.00	1450908.00
2013/12/19	3661	3672	3642	3652	1024508.00	1461744.00
2013/12/20	3651	3665	3626	3627	1285518.00	1402016.00
2013/12/23	3616	3624	3603	3612	1107832.00	1408834.00
2013/12/24	3609	3632	3608	3628	984078.00	1425882.00
2013/12/25	3632	3640	3592	3603	1342694.00	1464490.00
2013/12/26	3601	3610	3583	3604	1270188.00	1456790.00
2013/12/27	3603	3621	3596	3612	1316292.00	1458702.00
2013/12/30	3612	3628	3567	3573	1487060.00	1535764.00
2013/12/31	3574	3592	3562	3570	1260888.00	1419640.00
2014/01/02	3562	3592	3562	3590	1019050.00	1346124.00
2014/01/03	3587	3588	3528	3540	1260658.00	1355794.00
2014/01/06	3531	3540	3512	3515	1107724.00	1345560.00
2014/01/07	3517	3520	3462	3465	1517508.00	1335660.00
2014/01/08	3453	3481	3449	3469	1222914.00	1277020.00
2014/01/09	3466	3488	3451	3456	1310698.00	1277436.00
2014/01/10	3452	3497	3441	3492	1624786.00	1294374.00
2014/01/13	3484	3494	3449	3462	1229540.00	1291692.00
2014/01/14	3462	3496	3456	3492	1233518.00	1304722.00
2014/01/15	3488	3507	3481	3498	1169568.00	1318804.00
2014/01/16	3501	3509	3472	3481	1286670.00	1356022.00
2014/01/17	3478	3478	3452	3470	974250.00	1351834.00
2014/01/20	3465	3478	3446	3451	1432548.00	1333860.00
2014/01/21	3441	3447	3408	3410	1480214.00	1410924.00
2014/01/22	3404	3439	3403	3424	1420846.00	1343642.00
2014/01/23	3426	3465	3420	3463	1452702.00	1367838.00
2014/01/24	3453	3488	3444	3487	1437284.00	1293852.00
2014/01/27	3474	3479	3458	3472	876126.00	1260676.00
2014/01/28	3463	3465	3430	3431	964522.00	1214442.00
2014/01/29	3430	3452	3420	3443	817008.00	1149854.00
2014/01/30	3438	3465	3433	3455	517506.00	1103700.00
2014/02/07	3448	3450	3401	3411	926746.00	1160364.00
2014/02/10	3404	3428	3380	3421	1560496.00	1252390.00
2014/02/11	3412	3427	3385	3386	1192182.00	1336366.00
2014/02/12	3383	3406	3382	3393	1140402.00	1382352.00
2014/02/13	3399	3415	3383	3395	1091764.00	1373938.00
2014/02/14	3400	3417	3395	3412	967856.00	1300408.00
2014/02/17	3415	3459	3414	3455	1488420.00	1323922.00
2014/02/18	3453	3463	3422	3428	1016036.00	1279298.00
2014/02/19	3433	3449	3429	3436	925548.00	1320644.00
2014/02/20	3431	3432	3391	3394	1089914.00	1346680.00
2014/02/21	3396	3403	3386	3389	798520.00	1349160.00
2014/02/24	3384	3387	3308	3326	1518470.00	1313994.00
2014/02/25	3325	3342	3295	3308	948250.00	1227780.00
2014/02/26	3301	3328	3299	3317	836764.00	1214770.00
2014/02/27	3320	3348	3310	3340	935740.00	1142100.00
2014/02/28	3339	3344	3298	3318	1029944.00	1114038.00
2014/03/03	3320	3331	3296	3324	755248.00	1100490.00
2014/03/04	3328	3328	3288	3310	611756.00	1086978.00
2014/03/05	3318	3329	3296	3317	669230.00	986558.00
2014/03/06	3310	3313	3286	3289	392608.00	965938.00
2014/03/07	3286	3292	3216	3228	706006.00	885500.00
2014/03/10	3180	3182	3123	3123	374490.00	750420.00
2014/03/11	3050	3147	3050	3118	672948.00	594324.00
2014/03/12	3069	3144	3039	3137	468876.00	525324.00
2014/03/13	3150	3166	3123	3166	293028.00	485594.00
2014/03/14	3156	3157	3102	3140	213468.00	458848.00
2014/03/17	3148	3161	3118	3123	201182.00	432674.00
2014/03/18	3122	3175	3120	3147	252778.00	398708.00
2014/03/19	3145	3180	3134	3180	238228.00	356686.00
2014/03/20	3206	3238	3185	3186	246186.00	301598.00
2014/03/21	3190	3210	3165	3197	164822.00	276428.00
2014/03/24	3197	3201	3180	3200	147514.00	256202.00
2014/03/25	3200	3315	3196	3262	161788.00	215064.00
2014/03/26	3262	3262	3222	3230	89358.00	209544.00
2014/03/27	3227	3247	3212	3228	71750.00	200362.00
2014/03/28	3235	3249	3227	3244	61102.00	186202.00
2014/03/31	3250	3281	3245	3263	69432.00	171942.00
2014/04/01	3259	3269	3246	3258	45114.00	158852.00
2014/04/02	3268	3276	3245	3248	40484.00	152952.00
2014/04/03	3248	3273	3241	3261	39922.00	139426.00
2014/04/04	3270	3288	3261	3286	38802.00	125562.00
2014/04/08	3292	3325	3289	3313	44620.00	112152.00
2014/04/09	3318	3330	3294	3297	29372.00	104134.00
2014/04/10	3298	3321	3298	3307	28394.00	97574.00
2014/04/11	3301	3310	3289	3291	19568.00	93128.00
2014/04/14	3294	3317	3291	3297	21164.00	85008.00
2014/04/15	3301	3310	3288	3309	10484.00	80748.00
2014/04/16	3302	3302	3273	3276	13270.00	74936.00
2014/04/17	3279	3289	3271	3274	9336.00	70620.00
2014/04/18	3271	3271	3216	3223	33516.00	65824.00
2014/04/21	3202	3238	3202	3218	14252.00	65694.00
2014/04/22	3220	3230	3204	3227	16222.00	60910.00
2014/04/23	3229	3280	3223	3276	20936.00	54496.00
2014/04/24	3280	3297	3268	3277	13210.00	49352.00
2014/04/25	3280	3288	3270	3277	11190.00	44954.00
2014/04/28	3274	3274	3235	3265	15102.00	39280.00
2014/04/29	3270	3347	3265	3324	26530.00	26146.00
2014/04/30	3315	3330	3304	3325	12726.00	15874.00
2014/05/05	3305	3325	3303	3325	3634.00	14400.00
2014/05/06	3308	3325	3308	3323	1740.00	13320.00
2014/05/07	3320	3330	3315	3316	3660.00	10080.00
2014/05/08	3319	3322	3319	3320	1320.00	8820.00
2014/05/09	3324	3330	3322	3326	1860.00	6960.00
2014/05/12	3350	3360	3300	3355	2880.00	4260.00
2014/05/13	3355	3355	3354	3354	840.00	3420.00
2014/05/14	3350	3350	3350	3350	420.00	3000.00
2014/05/15	3355	3355	3350	3350	360.00	2640.00
2014/05/16	3145	3145	3101	3121	1926.00	1450.00
2014/05/19	3108	3129	3102	3103	2074.00	2376.00
2014/05/20	3103	3116	3096	3106	1428.00	2870.00
2014/05/21	3106	3124	3096	3114	1026.00	3204.00
2014/05/22	3124	3153	3119	3126	1688.00	3956.00
2014/05/23	3133	3150	3131	3145	852.00	4274.00
2014/05/26	3134	3194	3134	3185	1898.00	5310.00
2014/05/27	3190	3190	3161	3181	2118.00	6662.00
2014/05/28	3175	3181	3139	3147	3054.00	8326.00
2014/05/29	3149	3159	3140	3147	1538.00	9278.00
2014/05/30	3130	3133	3096	3097	1822.00	10018.00
2014/06/03	3093	3115	3090	3097	1754.00	10242.00
2014/06/04	3099	3110	3092	3106	876.00	10374.00
2014/06/05	3100	3113	3082	3104	1770.00	11330.00
2014/06/06	3108	3115	3102	3109	2356.00	12622.00
2014/06/09	3110	3111	3097	3104	1240.00	12950.00
2014/06/10	3109	3110	3093	3103	1858.00	13524.00
2014/06/11	3103	3106	3095	3095	1184.00	13880.00
2014/06/12	3094	3094	3072	3072	1930.00	14634.00
2014/06/13	3069	3085	3060	3073	2214.00	15158.00
2014/06/16	3061	3070	3051	3051	2556.00	16128.00
2014/06/17	3051	3074	3045	3069	2212.00	15958.00
2014/06/18	3072	3076	3060	3064	1340.00	16034.00
2014/06/19	3060	3078	3060	3066	1554.00	16092.00
2014/06/20	3071	3101	3060	3099	3404.00	16828.00
2014/06/23	3105	3114	3093	3112	4808.00	18884.00
2014/06/24	3108	3108	3100	3104	4092.00	19668.00
2014/06/25	3101	3117	3101	3112	4476.00	21340.00
2014/06/26	3113	3149	3113	3147	10258.00	26660.00
2014/06/27	3147	3150	3122	3122	4416.00	27004.00
2014/06/30	3120	3125	3102	3105	8238.00	28046.00
2014/07/01	3109	3118	3093	3110	3364.00	27594.00
2014/07/02	3114	3134	3082	3134	13520.00	33482.00
2014/07/03	3135	3143	3126	3127	13080.00	38938.00
2014/07/04	3043	3133	3043	3123	36476.00	64228.00
2014/07/07	3131	3135	3107	3118	18990.00	69862.00
2014/07/08	3123	3138	3110	3137	9672.00	72184.00
2014/07/09	3138	3140	3118	3119	5904.00	72846.00
2014/07/10	3125	3158	3114	3140	28106.00	77766.00
2014/07/11	3140	3157	3136	3151	19908.00	79782.00
2014/07/14	3150	3175	3150	3168	60494.00	118278.00
2014/07/15	3170	3175	3162	3167	27420.00	135620.00
2014/07/16	3167	3171	3157	3158	9358.00	136920.00
2014/07/17	3152	3164	3145	3146	6210.00	137054.00
2014/07/18	3145	3145	3077	3081	29364.00	144842.00
2014/07/21	3082	3096	3067	3068	28342.00	154788.00
2014/07/22	3068	3087	3065	3072	19356.00	164692.00
2014/07/23	3069	3075	3057	3063	13858.00	166488.00
2014/07/24	3050	3077	3050	3060	21144.00	174698.00
2014/07/25	3065	3077	3061	3072	19596.00	178300.00
2014/07/28	3073	3102	3073	3102	45724.00	196672.00
2014/07/29	3102	3134	3097	3121	91156.00	254840.00
2014/07/30	3110	3117	3091	3093	36336.00	266098.00
2014/07/31	3096	3105	3089	3093	13090.00	271248.00
2014/08/01	3087	3103	3076	3088	19830.00	269682.00
2014/08/04	3096	3125	3085	3123	44000.00	284734.00
2014/08/05	3120	3140	3117	3126	59888.00	302856.00
2014/08/06	3119	3137	3111	3112	69928.00	337086.00
2014/08/07	3117	3138	3110	3110	55286.00	354932.00
2014/08/08	3110	3118	3093	3102	51982.00	362192.00
2014/08/11	3103	3110	3075	3075	68472.00	377356.00
2014/08/12	3073	3081	3066	3076	39752.00	381980.00
2014/08/13	3075	3085	3050	3051	115392.00	417134.00
2014/08/14	3049	3055	3031	3033	87858.00	426824.00
2014/08/15	3033	3049	3029	3040	143224.00	459216.00
2014/08/18	3043	3046	3021	3022	72062.00	466802.00
2014/08/19	3026	3049	3017	3032	175022.00	462840.00
2014/08/20	3025	3030	3008	3009	66984.00	469318.00
2014/08/21	3016	3016	2999	3003	64878.00	476370.00
2014/08/22	3001	3022	3001	3008	84950.00	492912.00
2014/08/25	2999	3000	2987	2996	77796.00	498198.00
2014/08/26	3001	3009	2980	2998	112500.00	523530.00
2014/08/27	3000	3004	2985	2985	99688.00	555440.00
2014/08/28	2980	2988	2951	2960	118772.00	555590.00
2014/08/29	2959	2968	2950	2959	70018.00	555312.00
2014/09/01	2958	2963	2942	2943	151012.00	541644.00
2014/09/02	2943	2956	2927	2940	132144.00	566292.00
2014/09/03	2928	2933	2901	2903	210070.00	564180.00
2014/09/04	2901	2903	2879	2881	180594.00	597086.00
2014/09/05	2880	2882	2864	2874	158438.00	605948.00
2014/09/09	2855	2870	2812	2813	318032.00	505028.00
2014/09/10	2806	2836	2766	2811	427814.00	601642.00
2014/09/11	2810	2815	2782	2794	199284.00	609922.00
2014/09/12	2792	2821	2787	2820	232924.00	644170.00
2014/09/15	2840	2865	2836	2861	336600.00	696566.00
2014/09/16	2860	2866	2815	2835	347388.00	637500.00
2014/09/17	2846	2850	2820	2849	242160.00	632198.00
2014/09/18	2841	2844	2816	2822	320056.00	610086.00
2014/09/19	2807	2812	2757	2761	374994.00	651796.00
2014/09/22	2747	2747	2670	2670	437236.00	647700.00
2014/09/23	2656	2702	2655	2677	522160.00	689128.00
2014/09/24	2674	2690	2664	2666	382414.00	751408.00
2014/09/25	2660	2666	2577	2582	716652.00	837342.00
2014/09/26	2570	2648	2570	2619	782824.00	873734.00
2014/09/29	2619	2629	2535	2551	728576.00	885254.00
2014/09/30	2557	2575	2549	2557	339616.00	880952.00
2014/10/08	2587	2603	2539	2540	563180.00	926776.00
2014/10/09	2545	2582	2542	2574	979900.00	1158804.00
2014/10/10	2566	2606	2541	2590	1555744.00	1307812.00
2014/10/13	2606	2678	2606	2663	2437604.00	1526938.00
2014/10/14	2658	2664	2632	2651	1817790.00	1584132.00
2014/10/15	2653	2670	2627	2653	2644770.00	1562680.00
2014/10/16	2639	2649	2590	2617	4309156.00	1732072.00
2014/10/17	2618	2641	2598	2610	3194908.00	1867756.00
2014/10/20	2619	2633	2591	2614	4455996.00	2092488.00
2014/10/21	2611	2623	2596	2597	3350458.00	2339914.00
2014/10/22	2599	2602	2537	2547	5402296.00	2680018.00
2014/10/23	2541	2560	2523	2533	5723920.00	2794432.00
2014/10/24	2533	2558	2527	2554	4631784.00	2846846.00
2014/10/27	2557	2566	2541	2549	3682354.00	2892028.00
2014/10/28	2544	2559	2530	2548	4006168.00	3004050.00
2014/10/29	2548	2590	2542	2589	5199588.00	2957606.00
2014/10/30	2591	2620	2580	2590	6061352.00	2916078.00
2014/10/31	2589	2595	2563	2565	5027740.00	2879160.00
2014/11/03	2560	2583	2541	2542	5634362.00	2961516.00
2014/11/04	2535	2570	2529	2558	5819806.00	2906518.00
2014/11/05	2554	2567	2512	2513	6212778.00	3087708.00
2014/11/06	2522	2537	2512	2526	5593508.00	3058706.00
2014/11/07	2527	2550	2506	2536	6886784.00	3084412.00
2014/11/10	2559	2575	2548	2557	6817834.00	3095808.00
2014/11/11	2555	2562	2537	2552	4467210.00	3053776.00
2014/11/12	2560	2568	2542	2554	5140482.00	3135662.00
2014/11/13	2549	2550	2518	2520	4548416.00	3381994.00
2014/11/14	2515	2535	2514	2524	3606306.00	3346100.00
2014/11/17	2529	2535	2507	2514	4282336.00	3575030.00
2014/11/18	2508	2509	2431	2442	7893790.00	3964608.00
2014/11/19	2441	2461	2433	2446	5697686.00	3710612.00
2014/11/20	2447	2459	2437	2439	4135288.00	3714442.00
2014/11/21	2423	2459	2417	2448	6265558.00	3647780.00
2014/11/24	2471	2479	2436	2437	5317852.00	3665980.00
2014/11/25	2435	2452	2424	2450	5293080.00	3754542.00
2014/11/26	2442	2455	2431	2448	4756278.00	3776768.00
2014/11/27	2457	2539	2453	2539	8196212.00	3320700.00
2014/11/28	2522	2575	2516	2548	7732948.00	3025046.00
2014/12/01	2529	2546	2505	2521	6595664.00	2899736.00
2014/12/02	2548	2556	2482	2503	6316698.00	2981040.00
2014/12/03	2499	2539	2492	2532	6837216.00	2900456.00
2014/12/04	2534	2593	2532	2567	7936068.00	2887066.00
2014/12/05	2569	2576	2549	2560	4642740.00	2878208.00
2014/12/08	2565	2591	2540	2542	5658862.00	2824108.00
2014/12/09	2535	2557	2505	2557	6535982.00	2778466.00
2014/12/10	2558	2572	2537	2563	6050896.00	2772068.00
2014/12/11	2558	2603	2551	2566	6475540.00	2683542.00
2014/12/12	2566	2591	2563	2585	5607560.00	2694108.00
2014/12/15	2590	2596	2570	2570	3293514.00	2694464.00
2014/12/16	2555	2557	2529	2548	4504078.00	2519776.00
2014/12/17	2536	2549	2531	2540	3543628.00	2514310.00
2014/12/18	2545	2554	2519	2546	4590180.00	2482426.00
2014/12/19	2550	2571	2545	2567	3740938.00	2487740.00
2014/12/22	2560	2564	2502	2513	5049920.00	2422176.00
2014/12/23	2497	2497	2463	2467	4548628.00	2404168.00
2014/12/24	2466	2503	2461	2496	3938452.00	2318724.00
2014/12/25	2494	2497	2476	2482	2427210.00	2286124.00
2014/12/26	2483	2488	2473	2480	1877152.00	2283830.00
2014/12/29	2476	2524	2466	2519	3040750.00	2335410.00
2014/12/30	2519	2608	2512	2608	6385038.00	2250496.00
2014/12/31	2618	2626	2575	2594	4148900.00	2120260.00
2015/01/05	2550	2570	2540	2560	2891694.00	2212768.00
2015/01/06	2551	2647	2548	2619	7434538.00	2279112.00
2015/01/07	2615	2615	2568	2585	4317868.00	2225372.00
2015/01/08	2585	2603	2563	2579	3696668.00	2206252.00
2015/01/09	2584	2588	2546	2557	3561070.00	2156408.00
2015/01/12	2557	2585	2501	2502	5204600.00	2193666.00
2015/01/13	2498	2514	2483	2511	3337222.00	2189134.00
2015/01/14	2499	2520	2456	2487	5060470.00	2181418.00
2015/01/15	2483	2524	2472	2519	4426394.00	2191982.00
2015/01/16	2519	2532	2497	2510	3898388.00	2247512.00
2015/01/19	2499	2526	2470	2516	5840042.00	2161770.00
2015/01/20	2512	2528	2486	2488	3804648.00	2224690.00
2015/01/21	2485	2513	2470	2472	4067256.00	2226796.00
2015/01/22	2461	2491	2460	2479	3426746.00	2207310.00
2015/01/23	2478	2496	2471	2484	3686640.00	2299782.00
2015/01/26	2482	2486	2441	2450	4693054.00	2326654.00
2015/01/27	2454	2467	2449	2455	2345892.00	2285488.00
2015/01/28	2463	2475	2454	2474	2453880.00	2243590.00
2015/01/29	2472	2513	2470	2507	3767108.00	2260960.00
2015/01/30	2514	2514	2491	2498	2275316.00	2208752.00
2015/02/02	2503	2526	2486	2492	2749940.00	2057418.00
2015/02/03	2496	2504	2473	2474	2576944.00	1912324.00
2015/02/04	2480	2512	2466	2467	2889450.00	1794316.00
2015/02/05	2480	2492	2472	2472	1784504.00	1728068.00
2015/02/06	2476	2497	2475	2496	1633356.00	1588346.00
2015/02/09	2495	2509	2465	2478	1506170.00	1597580.00
2015/02/10	2477	2495	2476	2489	826546.00	1507600.00
2015/02/11	2492	2495	2480	2490	605922.00	1471758.00
2015/02/12	2490	2495	2474	2489	691294.00	1460666.00
2015/02/13	2488	2520	2487	2514	1430356.00	1521308.00
2015/02/16	2514	2549	2509	2524	1218768.00	1552574.00
2015/02/17	2524	2530	2504	2521	804402.00	1527150.00
2015/02/25	2513	2514	2475	2483	890868.00	1463886.00
2015/02/26	2486	2509	2485	2505	863160.00	1547910.00
2015/02/27	2510	2510	2462	2464	1378260.00	1612236.00
2015/03/02	2462	2483	2426	2472	2769934.00	1673788.00
2015/03/03	2466	2482	2452	2468	1199714.00	1592766.00
2015/03/04	2464	2470	2454	2464	693690.00	1584954.00
2015/03/05	2466	2467	2428	2447	1213754.00	1519172.00
2015/03/06	2445	2448	2416	2418	585192.00	1495696.00
2015/03/09	2417	2431	2385	2400	1240642.00	1491716.00
2015/03/10	2400	2404	2352	2353	887642.00	1527800.00
2015/03/11	2354	2375	2350	2369	568076.00	1417234.00
2015/03/12	2371	2399	2362	2386	643664.00	1304910.00
2015/03/13	2403	2403	2376	2388	434066.00	1276322.00
2015/03/16	2388	2418	2380	2413	506856.00	1217072.00
2015/03/17	2414	2422	2407	2410	306086.00	1149468.00
2015/03/18	2408	2426	2400	2410	650988.00	998638.00
2015/03/19	2407	2423	2401	2412	290954.00	969330.00
2015/03/20	2415	2420	2408	2410	197098.00	938092.00
2015/03/23	2412	2470	2408	2469	634862.00	765832.00
2015/03/24	2472	2485	2463	2468	456390.00	662806.00
2015/03/25	2470	2475	2445	2446	328812.00	608612.00
2015/03/26	2445	2452	2416	2418	309356.00	577662.00
2015/03/27	2420	2428	2361	2426	641282.00	518758.00
2015/03/30	2421	2441	2411	2419	434688.00	482894.00
2015/03/31	2442	2442	2392	2392	394652.00	424562.00
2015/04/01	2390	2401	2367	2371	311098.00	380470.00
2015/04/02	2363	2404	2343	2351	433616.00	312562.00
2015/04/03	2351	2379	2345	2352	233458.00	294744.00
2015/04/07	2343	2352	2290	2290	250514.00	292246.00
2015/04/08	2287	2307	2257	2297	213354.00	267968.00
2015/04/09	2293	2296	2259	2261	123868.00	255566.00
2015/04/10	2259	2265	2214	2222	159028.00	237680.00
2015/04/13	2225	2274	2218	2269	160718.00	223148.00
2015/04/14	2269	2280	2242	2266	117402.00	205026.00
2015/04/15	2266	2278	2257	2267	76132.00	190858.00
2015/04/16	2260	2285	2259	2281	57704.00	178594.00
2015/04/17	2278	2300	2278	2296	63026.00	162214.00
2015/04/20	2289	2298	2275	2280	55504.00	153352.00
2015/04/21	2276	2278	2229	2239	50348.00	148778.00
2015/04/22	2239	2280	2239	2275	35952.00	139320.00
2015/04/23	2277	2278	2256	2260	29746.00	131410.00
2015/04/24	2264	2315	2262	2297	46050.00	114292.00
2015/04/27	2302	2310	2270	2283	33762.00	103556.00
2015/04/28	2289	2290	2260	2269	33644.00	89156.00
2015/04/29	2270	2272	2221	2230	32588.00	76804.00
2015/04/30	2279	2279	2183	2198	49800.00	48464.00
2015/05/04	2190	2224	2181	2211	8744.00	41340.00
2015/05/05	2218	2220	2205	2220	5580.00	39420.00
2015/05/06	2210	2223	2200	2201	3240.00	37020.00
2015/05/07	2200	2201	2185	2185	3120.00	34320.00
2015/05/08	2190	2190	2170	2172	4560.00	32400.00
2015/05/11	2172	2188	2144	2145	4560.00	30660.00
2015/05/12	2131	2131	2052	2052	12600.00	29340.00
2015/05/13	2052	2099	2052	2080	3480.00	26580.00
2015/05/14	2088	2090	2073	2079	3360.00	25500.00
2015/05/15	2080	2088	2072	2088	1620.00	25500.00
2015/05/18	2485	2485	2461	2464	936.00	598.00
2015/05/19	2461	2466	2444	2448	3266.00	2838.00
2015/05/20	2444	2449	2410	2417	2934.00	3942.00
2015/05/21	2418	2440	2418	2436	3164.00	4512.00
2015/05/22	2435	2447	2424	2445	4562.00	7590.00
2015/05/25	2439	2450	2433	2449	2576.00	8190.00
2015/05/26	2446	2479	2446	2464	7156.00	11652.00
2015/05/27	2458	2473	2458	2469	3980.00	13324.00
2015/05/28	2460	2485	2459	2469	3952.00	14060.00
2015/05/29	2466	2485	2455	2483	4132.00	15918.00
2015/06/01	2488	2514	2483	2508	11712.00	22096.00
2015/06/02	2510	2510	2497	2508	3994.00	21802.00
2015/06/03	2508	2512	2481	2481	4418.00	23168.00
2015/06/04	2488	2489	2464	2476	6106.00	23638.00
2015/06/05	2470	2493	2451	2462	4022.00	23530.00
2015/06/08	2463	2468	2437	2441	6986.00	24732.00
2015/06/09	2441	2461	2439	2444	4542.00	26038.00
2015/06/10	2445	2466	2443	2459	12742.00	32738.00
2015/06/11	2463	2479	2457	2471	10060.00	34040.00
2015/06/12	2470	2470	2442	2443	16768.00	40600.00
2015/06/15	2443	2455	2421	2425	12032.00	42282.00
2015/06/16	2425	2433	2396	2405	9286.00	44120.00
2015/06/17	2405	2405	2365	2366	11606.00	45596.00
2015/06/18	2371	2383	2355	2361	24938.00	50644.00
2015/06/19	2355	2389	2355	2371	7274.00	50554.00
2015/06/23	2365	2377	2357	2369	3380.00	50290.00
2015/06/24	2369	2382	2364	2379	8602.00	50642.00
2015/06/25	2383	2384	2361	2362	9756.00	54376.00
2015/06/26	2364	2380	2357	2362	7500.00	55166.00
2015/06/29	2360	2380	2339	2340	13168.00	55578.00
2015/06/30	2340	2342	2258	2290	33130.00	54184.00
2015/07/01	2285	2313	2285	2299	12222.00	58568.00
2015/07/02	2293	2313	2270	2307	14140.00	60598.00
2015/07/03	2303	2318	2288	2294	14722.00	61572.00
2015/07/06	2291	2291	2189	2189	30318.00	68826.00
2015/07/07	2178	2178	2058	2071	55034.00	63156.00
2015/07/08	2062	2101	2010	2010	62744.00	68494.00
2015/07/09	2000	2180	1990	2127	61358.00	70772.00
2015/07/10	2125	2174	2125	2141	48376.00	76388.00
2015/07/13	2130	2153	2046	2132	35152.00	72178.00
2015/07/14	2140	2159	2132	2135	20158.00	73818.00
2015/07/15	2139	2146	2111	2117	15988.00	74430.00
2015/07/16	2115	2132	2081	2118	28180.00	74164.00
2015/07/17	2114	2131	2099	2124	21780.00	75024.00
2015/07/20	2120	2220	2111	2169	61804.00	84508.00
2015/07/21	2170	2187	2142	2150	32812.00	91358.00
2015/07/22	2150	2154	2082	2103	31460.00	95178.00
2015/07/23	2101	2130	2091	2120	25412.00	93366.00
2015/07/24	2115	2130	2106	2113	21648.00	96310.00
2015/07/27	2114	2158	2112	2131	37344.00	99400.00
2015/07/28	2134	2149	2111	2130	37798.00	101458.00
2015/07/29	2130	2162	2130	2154	59496.00	111974.00
2015/07/30	2156	2160	2128	2130	42202.00	117478.00
2015/07/31	2120	2143	2103	2112	96982.00	146536.00
2015/08/03	2112	2126	2083	2094	159374.00	206952.00
2015/08/04	2089	2114	2088	2112	52990.00	201888.00
2015/08/05	2114	2118	2100	2110	60156.00	215114.00
2015/08/06	2111	2115	2086	2091	68506.00	237692.00
2015/08/07	2090	2095	2056	2062	102250.00	267546.00
2015/08/10	2059	2071	2044	2050	95000.00	294188.00
2015/08/11	2052	2073	2048	2055	113522.00	314728.00
2015/08/12	2053	2078	2044	2078	76614.00	322766.00
2015/08/13	2083	2109	2083	2103	99028.00	323822.00
2015/08/14	2098	2105	2091	2098	43490.00	326510.00
2015/08/17	2099	2106	2077	2078	62142.00	335234.00
2015/08/18	2075	2083	2060	2060	52194.00	339020.00
2015/08/19	2059	2063	2034	2054	99542.00	354848.00
2015/08/20	2052	2057	2032	2039	86278.00	367872.00
2015/08/21	2041	2049	2031	2032	62870.00	374654.00
2015/08/24	2036	2036	1938	1949	202360.00	369680.00
2015/08/25	1941	1979	1931	1955	141228.00	360442.00
2015/08/26	1988	1996	1957	1958	105342.00	375264.00
2015/08/27	1953	1993	1953	1982	81188.00	381694.00
2015/08/28	1993	2012	1978	1989	213784.00	430130.00
2015/08/31	1981	1991	1958	1964	219806.00	445150.00
2015/09/01	1965	1975	1952	1964	264696.00	482218.00
2015/09/02	1965	1969	1952	1956	128278.00	501026.00
2015/09/07	1959	1959	1901	1929	206232.00	513974.00
2015/09/08	1929	1952	1924	1952	143606.00	521728.00
2015/09/09	1955	1992	1953	1963	403102.00	544542.00
2015/09/10	1961	1980	1955	1970	233326.00	566238.00
2015/09/11	1972	1979	1952	1953	296792.00	613874.00
2015/09/14	1950	1958	1941	1950	271314.00	610102.00
2015/09/15	1950	1959	1932	1934	208498.00	615558.00
2015/09/16	1936	1960	1932	1951	240278.00	627528.00
2015/09/17	1952	1962	1945	1947	202032.00	637616.00
2015/09/18	1946	1953	1941	1942	130262.00	640120.00
2015/09/21	1939	1946	1916	1922	174144.00	655424.00
2015/09/22	1927	1932	1907	1912	112414.00	670134.00
2015/09/23	1909	1917	1903	1915	179172.00	684676.00
2015/09/24	1913	1919	1898	1903	156364.00	707300.00
2015/09/25	1901	1915	1891	1899	184402.00	711724.00
2015/09/28	1895	1900	1870	1872	165796.00	721018.00
2015/09/29	1866	1871	1848	1850	228840.00	699968.00
2015/09/30	1851	1857	1841	1848	134340.00	693992.00
2015/10/08	1859	1880	1847	1858	181100.00	717514.00
2015/10/09	1858	1892	1854	1888	354578.00	781678.00
2015/10/12	1890	1899	1875	1880	439802.00	826544.00
2015/10/13	1878	1884	1856	1871	287982.00	861244.00
2015/10/14	1869	1872	1853	1856	325880.00	949710.00
2015/10/15	1855	1866	1852	1860	271820.00	972764.00
2015/10/16	1855	1859	1850	1851	312446.00	1010262.00
2015/10/19	1850	1859	1833	1836	395276.00	1033706.00
2015/10/20	1834	1845	1825	1828	356702.00	1083274.00
2015/10/21	1828	1834	1807	1815	779904.00	1320754.00
2015/10/22	1815	1830	1806	1809	801672.00	1428528.00
2015/10/23	1810	1812	1785	1803	1091922.00	1537164.00
2015/10/26	1805	1809	1787	1793	1201124.00	1686458.00
2015/10/27	1791	1814	1789	1803	1384070.00	1779106.00
2015/10/28	1801	1806	1792	1797	972760.00	1740590.00
2015/10/29	1795	1803	1793	1799	602350.00	1727372.00
2015/10/30	1800	1805	1792	1795	575392.00	1753318.00
2015/11/02	1795	1804	1791	1796	530768.00	1775586.00
2015/11/03	1793	1796	1774	1776	1411662.00	1873864.00
2015/11/04	1777	1785	1773	1780	1321266.00	2032100.00
2015/11/05	1781	1788	1768	1776	1524966.00	2041548.00
2015/11/06	1777	1808	1775	1794	2568118.00	2158254.00
2015/11/09	1791	1808	1788	1805	1957650.00	2228016.00
2015/11/10	1806	1811	1790	1797	1808924.00	2223182.00
2015/11/11	1795	1796	1775	1777	1753724.00	2289778.00
2015/11/12	1780	1780	1760	1765	2324048.00	2514674.00
2015/11/13	1764	1768	1758	1759	1946790.00	2612404.00
2015/11/16	1759	1768	1752	1753	1964378.00	2662192.00
2015/11/17	1753	1758	1748	1752	1586652.00	2639974.00
2015/11/18	1752	1753	1731	1736	2100464.00	2737376.00
2015/11/19	1736	1737	1692	1705	4542824.00	2799492.00
2015/11/20	1704	1712	1693	1695	2733446.00	2863134.00
2015/11/23	1695	1695	1649	1659	4414044.00	2820906.00
2015/11/24	1660	1673	1652	1667	3414958.00	2824648.00
2015/11/25	1666	1729	1659	1676	6173106.00	2935306.00
2015/11/26	1673	1722	1666	1680	8211592.00	2905020.00
2015/11/27	1680	1685	1654	1656	4213766.00	2996760.00
2015/11/30	1652	1660	1621	1626	4700388.00	3042022.00
2015/12/01	1628	1642	1618	1633	4285306.00	3191678.00
2015/12/02	1630	1673	1626	1659	7473778.00	3257230.00
2015/12/03	1657	1667	1632	1635	4289644.00	3187890.00
2015/12/04	1635	1657	1630	1650	5652644.00	3127226.00
2015/12/07	1652	1676	1643	1670	5045348.00	3217504.00
2015/12/08	1668	1669	1645	1654	4044250.00	2987910.00
2015/12/09	1651	1667	1649	1656	3471394.00	3074322.00
2015/12/10	1656	1663	1643	1648	3004688.00	3045570.00
2015/12/11	1646	1662	1640	1658	2855298.00	3115174.00
2015/12/14	1659	1670	1648	1665	3573916.00	3165478.00
2015/12/15	1661	1686	1656	1657	5315278.00	3195774.00
2015/12/16	1656	1674	1655	1673	2142674.00	3138562.00
2015/12/17	1673	1694	1673	1677	5940106.00	3276818.00
2015/12/18	1676	1714	1676	1712	4566394.00	3389766.00
2015/12/21	1719	1757	1712	1749	9698548.00	3617346.00
2015/12/22	1749	1764	1719	1731	8147652.00	3740398.00
2015/12/23	1728	1731	1707	1717	5630160.00	3638312.00
2015/12/24	1717	1741	1715	1724	6194022.00	3539624.00
2015/12/25	1722	1738	1720	1737	2885082.00	3556726.00
2015/12/28	1737	1746	1720	1741	4514858.00	3500808.00
2015/12/29	1740	1790	1739	1780	8060928.00	3434598.00
2015/12/30	1779	1806	1771	1780	7988626.00	3326148.00
2015/12/31	1782	1804	1776	1784	5863506.00	3268574.00
2016/01/04	1821	1846	1773	1777	6700936.00	3062134.00
2016/01/05	1779	1789	1761	1789	6413148.00	3171882.00
2016/01/06	1787	1790	1769	1775	4603662.00	3101762.00
2016/01/07	1770	1786	1766	1773	4652628.00	3073988.00
2016/01/08	1769	1775	1747	1759	6658038.00	2885064.00
2016/01/11	1757	1772	1748	1758	5081394.00	2834258.00
2016/01/12	1759	1765	1739	1741	5333022.00	2925678.00
2016/01/13	1741	1752	1735	1740	3591540.00	2791556.00
2016/01/14	1742	1759	1732	1758	4110300.00	2851872.00
2016/01/15	1758	1787	1754	1778	6649864.00	3152676.00
2016/01/18	1777	1832	1770	1827	9156242.00	3353516.00
2016/01/19	1825	1841	1817	1839	6967734.00	3331732.00
2016/01/20	1838	1842	1813	1818	6237726.00	3187010.00
2016/01/21	1815	1824	1805	1808	5493208.00	3248392.00
2016/01/22	1810	1856	1807	1823	7687002.00	3539188.00
2016/01/25	1828	1856	1823	1840	7650122.00	3646874.00
2016/01/26	1840	1848	1832	1845	4321346.00	3622822.00
2016/01/27	1850	1871	1840	1863	7017400.00	3667088.00
2016/01/28	1861	1862	1810	1815	7189268.00	3326818.00
2016/01/29	1813	1827	1805	1814	5938474.00	3157788.00
2016/02/01	1816	1845	1815	1819	5697330.00	2911900.00
2016/02/02	1820	1824	1801	1815	4090540.00	2493290.00
2016/02/03	1820	1830	1807	1826	3099622.00	2307344.00
2016/02/04	1826	1855	1825	1851	3515826.00	2254350.00
2016/02/05	1853	1862	1826	1843	2790060.00	2088616.00
2016/02/15	1835	1880	1833	1872	2680436.00	2221548.00
2016/02/16	1872	1880	1861	1865	2707824.00	2279270.00
2016/02/17	1866	1876	1855	1861	3197078.00	2216192.00
2016/02/18	1864	1871	1855	1870	2833084.00	2258336.00
2016/02/19	1872	1899	1864	1897	4259322.00	2307378.00
2016/02/22	1897	1968	1892	1962	6568536.00	2474776.00
2016/02/23	1957	1965	1921	1926	5118530.00	2267538.00
2016/02/24	1922	1937	1916	1929	3504668.00	2243998.00
2016/02/25	1929	1961	1924	1928	4325944.00	2347758.00
2016/02/26	1932	1939	1898	1922	4146132.00	2272552.00
2016/02/29	1922	1973	1912	1969	6078558.00	2446476.00
2016/03/01	1975	2010	1961	1994	6064250.00	2456280.00
2016/03/02	1997	2009	1984	1993	5582604.00	2215504.00
2016/03/03	1990	1999	1967	1974	4325658.00	2049588.00
2016/03/04	1972	1997	1952	1987	4750600.00	1843186.00
2016/03/07	1990	2073	1983	2073	3279116.00	1725824.00
2016/03/08	2194	2194	2077	2194	6192598.00	1593412.00
2016/03/09	2149	2163	2035	2104	8678072.00	1289634.00
2016/03/10	2112	2201	2107	2130	11325298.00	1511022.00
2016/03/11	2111	2133	2068	2085	4663174.00	1290812.00
2016/03/14	2058	2137	2034	2041	5086806.00	1209034.00
2016/03/15	2042	2063	2010	2022	2972086.00	1103782.00
2016/03/16	2012	2066	2012	2065	2414432.00	1182966.00
2016/03/17	2070	2135	2066	2134	3378884.00	1190256.00
2016/03/18	2135	2204	2135	2155	4583820.00	1138644.00
2016/03/21	2155	2244	2137	2192	4232524.00	1006140.00
2016/03/22	2198	2234	2190	2214	2516072.00	995244.00
2016/03/23	2213	2309	2205	2268	3987608.00	1039842.00
2016/03/24	2274	2288	2208	2225	4923144.00	1033990.00
2016/03/25	2221	2300	2217	2298	3833882.00	1134994.00
2016/03/28	2304	2348	2267	2276	4378692.00	982832.00
2016/03/29	2279	2313	2274	2290	2485030.00	906206.00
2016/03/30	2291	2296	2233	2256	2193900.00	751798.00
2016/03/31	2257	2287	2238	2260	1416578.00	650948.00
2016/04/01	2266	2322	2266	2322	972398.00	568562.00
2016/04/05	2330	2359	2288	2351	835324.00	547212.00
2016/04/06	2351	2368	2325	2350	774116.00	504606.00
2016/04/07	2350	2376	2336	2357	597030.00	492406.00
2016/04/08	2360	2378	2348	2370	479042.00	494824.00
2016/04/11	2375	2493	2375	2482	873374.00	434800.00
2016/04/12	2490	2503	2455	2498	643480.00	362254.00
2016/04/13	2499	2537	2457	2466	838978.00	261896.00
2016/04/14	2460	2505	2457	2459	436084.00	227530.00
2016/04/15	2460	2469	2421	2422	282602.00	197064.00
2016/04/18	2418	2516	2406	2488	320998.00	184898.00
2016/04/19	2493	2605	2493	2605	268656.00	185936.00
2016/04/20	2600	2704	2600	2704	251048.00	169466.00
2016/04/21	2730	2911	2717	2891	383600.00	138034.00
2016/04/22	2830	2869	2741	2750	300990.00	105306.00
2016/04/25	2740	2888	2740	2792	189236.00	98158.00
2016/04/26	2761	2795	2672	2709	103214.00	81530.00
2016/04/27	2707	2729	2600	2635	83170.00	66496.00
2016/04/28	2650	2677	2586	2651	69000.00	51238.00
2016/04/29	2665	2787	2652	2787	56456.00	35490.00
2016/05/03	2829	2829	2716	2740	12090.00	29520.00
2016/05/04	2705	2729	2651	2655	6900.00	24000.00
2016/05/05	2650	2651	2530	2530	8640.00	18060.00
2016/05/06	2533	2566	2503	2556	3780.00	16260.00
2016/05/09	2547	2567	2406	2425	5400.00	12720.00
2016/05/10	2326	2545	2320	2545	6600.00	7800.00
2016/05/11	2574	2601	2550	2601	2160.00	6000.00
2016/05/12	2700	2827	2428	2440	2880.00	3900.00
2016/05/13	2572	2572	2572	2572	120.00	3780.00
2016/05/17	2008	2068	2005	2062	10490.00	5866.00
2016/05/18	2064	2082	2010	2022	10558.00	9290.00
2016/05/19	2022	2046	1998	2018	11896.00	13776.00
2016/05/20	2022	2042	2000	2035	10204.00	14648.00
2016/05/23	2037	2042	1905	1941	36324.00	26990.00
2016/05/24	1940	1947	1904	1938	21696.00	28888.00
2016/05/25	1938	1959	1913	1919	21110.00	32856.00
2016/05/26	1923	1948	1912	1939	19790.00	35880.00
2016/05/27	1939	2006	1920	1998	35054.00	41576.00
2016/05/30	1990	2015	1893	1971	30672.00	44240.00
2016/05/31	1971	2000	1962	1964	14376.00	46850.00
2016/06/01	1965	1972	1935	1954	13690.00	46048.00
2016/06/02	1954	1976	1942	1958	11566.00	48166.00
2016/06/03	1958	1998	1958	1992	17466.00	51004.00
2016/06/06	1995	2069	1988	2052	32772.00	55558.00
2016/06/07	2053	2088	2045	2065	17582.00	56172.00
2016/06/08	2066	2092	2029	2066	26648.00	61462.00
2016/06/13	2060	2131	2059	2113	26042.00	65182.00
2016/06/14	2118	2128	2049	2051	27766.00	67498.00
2016/06/15	2040	2070	2036	2042	14198.00	67772.00
2016/06/16	2050	2090	2042	2046	20256.00	67622.00
2016/06/17	2043	2060	2023	2057	26702.00	63394.00
2016/06/20	2058	2076	2048	2052	16876.00	66650.00
2016/06/21	2050	2087	2042	2059	18470.00	65998.00
2016/06/22	2058	2108	2055	2102	26514.00	71084.00
2016/06/23	2096	2115	2092	2094	32604.00	78954.00
2016/06/24	2104	2120	2072	2097	33418.00	74240.00
2016/06/27	2095	2217	2095	2215	56714.00	74060.00
2016/06/28	2208	2229	2178	2211	46152.00	77744.00
2016/06/29	2212	2237	2189	2209	45138.00	79148.00
2016/06/30	2206	2296	2205	2288	55862.00	76176.00
2016/07/01	2292	2319	2265	2295	43652.00	78908.00
2016/07/04	2295	2389	2295	2372	70512.00	80440.00
2016/07/05	2372	2405	2270	2358	69292.00	79702.00
2016/07/06	2355	2375	2280	2318	58464.00	85228.00
2016/07/07	2308	2366	2295	2314	65050.00	95740.00
2016/07/08	2338	2342	2289	2337	55706.00	101226.00
2016/07/11	2345	2369	2272	2327	52336.00	101382.00
2016/07/12	2335	2440	2321	2427	65408.00	104734.00
2016/07/13	2425	2460	2404	2414	58998.00	109500.00
2016/07/14	2414	2438	2399	2434	55120.00	117342.00
2016/07/15	2434	2459	2408	2429	54418.00	120154.00
2016/07/18	2429	2437	2281	2281	85524.00	134016.00
2016/07/19	2276	2282	2212	2222	91410.00	146180.00
2016/07/20	2221	2250	2209	2227	61450.00	146522.00
2016/07/21	2225	2331	2203	2300	72580.00	143726.00
2016/07/22	2300	2306	2229	2233	57290.00	146356.00
2016/07/25	2227	2285	2210	2258	59030.00	147240.00
2016/07/26	2258	2275	2234	2270	47524.00	150848.00
2016/07/27	2270	2352	2268	2341	91972.00	160364.00
2016/07/28	2340	2408	2338	2401	97832.00	163468.00
2016/07/29	2396	2405	2336	2347	73132.00	168320.00
2016/08/01	2336	2429	2317	2419	98762.00	165854.00
2016/08/02	2410	2439	2398	2424	66714.00	167098.00
2016/08/03	2415	2429	2381	2405	47536.00	166798.00
2016/08/04	2405	2411	2318	2361	74854.00	179094.00
2016/08/05	2362	2460	2353	2440	76254.00	169916.00
2016/08/08	2441	2500	2416	2494	85794.00	177872.00
2016/08/09	2495	2503	2440	2481	89322.00	188324.00
2016/08/10	2481	2510	2452	2478	78090.00	193866.00
2016/08/11	2486	2495	2431	2467	78672.00	200626.00
2016/08/12	2467	2475	2448	2461	62426.00	210770.00
2016/08/15	2440	2452	2382	2426	104448.00	225686.00
2016/08/16	2430	2540	2417	2519	183620.00	211504.00
2016/08/17	2520	2549	2487	2487	137224.00	219986.00
2016/08/18	2490	2533	2476	2512	158614.00	223794.00
2016/08/19	2505	2545	2477	2545	143902.00	229726.00
2016/08/22	2542	2580	2527	2533	149840.00	237382.00
2016/08/23	2532	2600	2515	2590	149410.00	255802.00
2016/08/24	2590	2630	2583	2602	136032.00	268824.00
2016/08/25	2615	2629	2497	2570	246460.00	291146.00
2016/08/26	2570	2580	2507	2508	128112.00	300866.00
2016/08/29	2500	2508	2451	2462	180834.00	308082.00
2016/08/30	2466	2475	2406	2410	139928.00	321442.00
2016/08/31	2410	2437	2372	2374	147790.00	331006.00
2016/09/01	2370	2396	2344	2389	131044.00	339570.00
2016/09/02	2387	2447	2372	2392	177302.00	344676.00
2016/09/05	2400	2446	2393	2419	174538.00	357550.00
2016/09/06	2420	2444	2398	2410	144092.00	376982.00
2016/09/07	2411	2413	2325	2329	223576.00	402790.00
2016/09/08	2329	2346	2317	2330	148372.00	418214.00
2016/09/09	2332	2333	2300	2330	149966.00	423058.00
2016/09/12	2330	2344	2271	2274	168556.00	435752.00
2016/09/13	2275	2293	2242	2251	177566.00	460954.00
2016/09/14	2249	2269	2242	2248	130080.00	466314.00
2016/09/19	2208	2262	2192	2256	154528.00	491610.00
2016/09/20	2256	2297	2250	2278	176602.00	491740.00
2016/09/21	2280	2291	2263	2275	160530.00	501342.00
2016/09/22	2271	2361	2270	2312	338058.00	518030.00
2016/09/23	2322	2340	2313	2333	204532.00	521314.00
2016/09/26	2331	2370	2330	2333	196536.00	528502.00
2016/09/27	2335	2339	2281	2299	204474.00	535064.00
2016/09/28	2293	2314	2280	2314	156878.00	539746.00
2016/09/29	2315	2360	2303	2305	203174.00	533928.00
2016/09/30	2305	2323	2282	2284	144080.00	545710.00
2016/10/10	2285	2308	2244	2300	214626.00	560882.00
2016/10/11	2300	2365	2300	2364	305140.00	597152.00
2016/10/12	2372	2375	2339	2373	275872.00	614858.00
2016/10/13	2379	2386	2357	2379	290092.00	651496.00
2016/10/14	2375	2438	2362	2413	329586.00	654288.00
2016/10/17	2410	2463	2406	2441	433168.00	699260.00
2016/10/18	2440	2446	2410	2437	374598.00	733248.00
2016/10/19	2441	2509	2413	2429	610110.00	767640.00
2016/10/20	2425	2478	2425	2469	347322.00	783116.00
2016/10/21	2471	2483	2407	2453	492352.00	810024.00
2016/10/24	2450	2471	2413	2466	427976.00	829700.00
2016/10/25	2470	2577	2465	2557	692334.00	815636.00
2016/10/26	2563	2588	2513	2533	712320.00	819068.00
2016/10/27	2537	2560	2499	2525	637502.00	854302.00
2016/10/28	2525	2594	2519	2593	704138.00	869608.00
2016/10/31	2595	2630	2570	2629	788490.00	902466.00
2016/11/01	2630	2653	2592	2633	856732.00	866330.00
2016/11/02	2631	2670	2603	2618	815354.00	846988.00
2016/11/03	2619	2672	2609	2671	627666.00	884728.00
2016/11/04	2675	2724	2672	2682	925948.00	849048.00
2016/11/07	2696	2854	2670	2838	1176650.00	915528.00
2016/11/08	2842	2878	2747	2789	1149442.00	907418.00
2016/11/09	2793	2989	2765	2989	2069560.00	894192.00
2016/11/10	2997	3094	2950	3005	2405620.00	886918.00
2016/11/11	3010	3158	2994	3143	1438282.00	941188.00
2016/11/14	3157	3234	2933	2979	2198868.00	856882.00
2016/11/15	2976	3035	2878	2878	926108.00	874342.00
2016/11/16	2839	2866	2749	2850	1252410.00	865114.00
2016/11/17	2848	2878	2780	2854	1045916.00	880334.00
2016/11/18	2860	2881	2780	2797	1125852.00	967860.00
2016/11/21	2802	2815	2696	2738	1298414.00	995722.00
2016/11/22	2747	2922	2740	2922	1559814.00	999844.00
2016/11/23	2930	3010	2903	2997	1618752.00	1021932.00
2016/11/24	2998	3102	2935	3021	1939116.00	1009108.00
2016/11/25	3016	3238	3001	3238	2238222.00	1218032.00
2016/11/28	3252	3378	3182	3332	2733408.00	1364960.00
2016/11/29	3306	3348	3060	3062	3991114.00	1433476.00
2016/11/30	3062	3085	3000	3000	2136874.00	1337564.00
2016/12/01	3000	3218	2965	3187	5079566.00	1610660.00
2016/12/02	3196	3229	3011	3126	5315224.00	1646860.00
2016/12/05	3124	3233	3060	3204	4581570.00	1742120.00
2016/12/06	3201	3262	3178	3217	3570526.00	1808054.00
2016/12/07	3223	3428	3216	3382	4600540.00	2081848.00
2016/12/08	3391	3418	3291	3394	3988602.00	2131430.00
2016/12/09	3402	3413	3213	3345	5420202.00	2147234.00
2016/12/12	3368	3557	3302	3444	4000812.00	2142098.00
2016/12/13	3456	3506	3413	3505	3335092.00	2325978.00
2016/12/14	3489	3497	3331	3375	4341096.00	2301362.00
2016/12/15	3368	3441	3304	3413	4079444.00	2300790.00
2016/12/16	3380	3409	3292	3293	3396454.00	2313854.00
2016/12/19	3280	3309	3167	3171	3659544.00	2328378.00
2016/12/20	3161	3193	3118	3162	3485732.00	2178928.00
2016/12/21	3168	3205	3093	3169	3572718.00	2247440.00
2016/12/22	3173	3186	3024	3026	3356712.00	2355272.00
2016/12/23	3012	3068	2966	2984	3764756.00	2404368.00
2016/12/26	2971	3018	2846	2922	4597294.00	2499958.00
2016/12/27	2932	3007	2872	3006	3606540.00	2361982.00
2016/12/28	3010	3072	2966	2989	4099296.00	2398440.00
2016/12/29	2992	2995	2911	2952	3948156.00	2464282.00
2016/12/30	2948	2970	2866	2867	2988602.00	2442966.00
2017/01/03	2889	2998	2839	2851	2581552.00	2526810.00
2017/01/04	2860	2957	2827	2930	3988998.00	2531598.00
2017/01/05	2930	2998	2913	2941	3639036.00	2493862.00
2017/01/06	2940	2988	2900	2912	3621876.00	2505026.00
2017/01/09	2915	3049	2893	3048	3590906.00	2486996.00
2017/01/10	3048	3167	3028	3167	3923264.00	2580862.00
2017/01/11	3177	3202	3135	3182	3167658.00	2471864.00
2017/01/12	3179	3260	3158	3207	3534488.00	2690826.00
2017/01/13	3212	3247	3167	3194	2951466.00	2585936.00
2017/01/16	3190	3418	3173	3375	4048262.00	2667728.00
2017/01/17	3370	3402	3240	3284	3555120.00	2527596.00
2017/01/18	3292	3350	3243	3292	3353896.00	2505772.00
2017/01/19	3280	3306	3220	3256	3144640.00	2531502.00
2017/01/20	3252	3296	3193	3194	3147490.00	2508784.00
2017/01/23	3191	3205	3143	3180	2358234.00	2345226.00
2017/01/24	3178	3344	3170	3292	2952718.00	2469476.00
2017/01/25	3300	3320	3255	3299	1804324.00	2265996.00
2017/01/26	3292	3380	3290	3369	1896002.00	2254872.00
2017/02/03	3349	3358	3071	3113	2496492.00	2244062.00
2017/02/06	3110	3132	3062	3082	2416472.00	2445734.00
2017/02/07	3090	3176	3067	3165	2591874.00	2472670.00
2017/02/08	3161	3248	3129	3243	2989688.00	2566662.00
2017/02/09	3248	3276	3202	3206	2410544.00	2528692.00
2017/02/10	3198	3398	3181	3328	4366112.00	2757728.00
2017/02/13	3351	3451	3332	3437	3014236.00	2750650.00
2017/02/17	3370	3509	3359	3381	4521314.00	2782674.00
